# # run = 2014_02_28-run04
# # micrometer = 6.00 mm
# # run length = 60.0
# # run start = 1393613785.04
# # run end = 2014-02-28 13:57:25.114462
# Time (S)      sumSignal        LR_Signal        TB_Signal
  0.000058	  1.106144	 -1.093115	 -0.780604
  0.043735	  1.106763	 -1.093049	 -0.718423
  0.088147	  1.107368	 -1.092694	 -0.699456
  0.131571	  1.107185	 -1.091804	 -0.744707
  0.175472	  1.106832	 -1.090893	 -0.737955
  0.219133	  1.107020	 -1.090154	 -0.669258
  0.263062	  1.107491	 -1.089431	 -0.643767
  0.306834	  1.107509	 -1.088544	 -0.693074
  0.350544	  1.107149	 -1.087680	 -0.697381
  0.393820	  1.107491	 -1.087070	 -0.625721
  0.437568	  1.108122	 -1.086439	 -0.603710
  0.481430	  1.108050	 -1.085260	 -0.653528
  0.524704	  1.107476	 -1.083877	 -0.667144
  0.568305	  1.107495	 -1.082532	 -0.605692
  0.611916	  1.107890	 -1.081254	 -0.580760
  0.655576	  1.107565	 -1.079390	 -0.634944
  0.698810	  1.107336	 -1.077971	 -0.663751
  0.742084	  1.107149	 -1.077044	 -0.617102
  0.785824	  1.107547	 -1.076185	 -0.585423
  0.829561	  1.107573	 -1.075155	 -0.646355
  0.873522	  1.107042	 -1.073806	 -0.686466
  0.917171	  1.106859	 -1.072349	 -0.649534
  0.960921	  1.107208	 -1.070194	 -0.618748
  1.004613	  1.107238	 -1.067867	 -0.679017
  1.048495	  1.106517	 -1.065390	 -0.729790
  1.091791	  1.106322	 -1.062930	 -0.697999
  1.135416	  1.106620	 -1.059608	 -0.671865
  1.179189	  1.106787	 -1.054565	 -0.721800
  1.222943	  1.106204	 -1.047987	 -0.772272
  1.266059	  1.105952	 -1.040489	 -0.746776
  1.309729	  1.106152	 -1.031979	 -0.723399
  1.354978	  1.106062	 -1.021807	 -0.768458
  1.398566	  1.105439	 -1.010509	 -0.806836
  1.442186	  1.105306	 -0.999728	 -0.785827
  1.485826	  1.105807	 -0.991561	 -0.758827
  1.529534	  1.105717	 -0.981307	 -0.795941
  1.573173	  1.104898	 -0.961958	 -0.828818
  1.616956	  1.104338	 -0.932855	 -0.811339
  1.660038	  1.104808	 -0.898409	 -0.780547
  1.703678	  1.105312	 -0.864001	 -0.802715
  1.747176	  1.104963	 -0.828299	 -0.835351
  1.790642	  1.104803	 -0.790245	 -0.814177
  1.834085	  1.105157	 -0.748137	 -0.777705
  1.877268	  1.104987	 -0.698103	 -0.790204
  1.920924	  1.104035	 -0.629167	 -0.823571
  1.964171	  1.101991	 -0.527614	 -0.801443
  2.007669	  1.100387	 -0.393662	 -0.755117
  2.051163	  1.100303	 -0.252498	 -0.761047
  2.094609	  1.101584	 -0.120196	 -0.793630
  2.138525	  1.104004	 -0.001755	 -0.775112
  2.183277	  1.106258	  0.088987	 -0.717963
  2.227066	  1.106513	  0.174202	 -0.717916
  2.269958	  1.104654	  0.273154	 -0.748596
  2.313407	  1.102643	  0.391664	 -0.729878
  2.357198	  1.101900	  0.521741	 -0.667632
  2.400387	  1.102836	  0.647233	 -0.659161
  2.444173	  1.104116	  0.748421	 -0.699622
  2.487405	  1.105040	  0.824954	 -0.687658
  2.530750	  1.105525	  0.883146	 -0.626233
  2.574008	  1.106063	  0.926339	 -0.610539
  2.617469	  1.106363	  0.956500	 -0.661545
  2.660645	  1.106252	  0.979071	 -0.663262
  2.703998	  1.106310	  0.998451	 -0.601336
  2.747461	  1.106296	  1.014654	 -0.586965
  2.790282	  1.106337	  1.026531	 -0.644320
  2.834018	  1.105954	  1.034180	 -0.660229
  2.878364	  1.106022	  1.039205	 -0.605999
  2.921612	  1.105954	  1.044527	 -0.598057
  2.965147	  1.105582	  1.050709	 -0.654274
  3.008367	  1.105184	  1.057136	 -0.680440
  3.052135	  1.105129	  1.062751	 -0.639664
  3.095387	  1.105339	  1.067410	 -0.627627
  3.138506	  1.105184	  1.070826	 -0.686714
  3.182004	  1.104804	  1.073712	 -0.720563
  3.225610	  1.104544	  1.075932	 -0.695087
  3.268889	  1.104582	  1.077401	 -0.673438
  3.312139	  1.104291	  1.078018	 -0.727165
  3.355689	  1.103727	  1.078367	 -0.766747
  3.399100	  1.103435	  1.079348	 -0.746245
  3.442263	  1.103420	  1.080564	 -0.721824
  3.485627	  1.103364	  1.081359	 -0.766424
  3.529131	  1.102876	  1.081715	 -0.808519
  3.572564	  1.102582	  1.082282	 -0.787989
  3.615667	  1.102441	  1.082889	 -0.762117
  3.658860	  1.102048	  1.082907	 -0.792440
  3.702224	  1.101318	  1.082792	 -0.831463
  3.745749	  1.100790	  1.083112	 -0.814448
  3.789032	  1.100833	  1.083879	 -0.784788
  3.832218	  1.100490	  1.084027	 -0.804366
  3.875725	  1.100096	  1.083794	 -0.838038
  3.919122	  1.099714	  1.084183	 -0.826046
  3.962211	  1.099593	  1.084943	 -0.784868
  4.005871	  1.099468	  1.085332	 -0.795282
  4.049178	  1.098722	  1.085162	 -0.828061
  4.092452	  1.098052	  1.085249	 -0.816160
  4.135953	  1.097772	  1.085567	 -0.768574
  4.179285	  1.097590	  1.085785	 -0.770063
  4.222624	  1.097231	  1.085543	 -0.805370
  4.265963	  1.096672	  1.085362	 -0.789296
  4.309481	  1.096483	  1.085597	 -0.733523
  4.353046	  1.096249	  1.085553	 -0.725771
  4.395986	  1.095679	  1.085003	 -0.767630
  4.439076	  1.094900	  1.084499	 -0.753662
  4.482360	  1.094365	  1.084446	 -0.694021
  4.525486	  1.094024	  1.084314	 -0.679276
  4.569096	  1.093355	  1.083634	 -0.718462
  4.612358	  1.092507	  1.082927	 -0.713735
  4.655729	  1.091907	  1.082779	 -0.654439
  4.699189	  1.091313	  1.082392	 -0.634701
  4.742594	  1.090456	  1.081629	 -0.675801
  4.785845	  1.089468	  1.080815	 -0.690530
  4.829226	  1.088874	  1.080507	 -0.636512
  4.872304	  1.088562	  1.080491	 -0.604019
  4.915965	  1.087952	  1.079763	 -0.651812
  4.960091	  1.086998	  1.078934	 -0.683556
  5.003476	  1.085993	  1.078154	 -0.637946
  5.047589	  1.084908	  1.077136	 -0.602169
  5.090666	  1.082954	  1.075089	 -0.659081
  5.134179	  1.080455	  1.072547	 -0.698539
  5.177178	  1.077835	  1.070067	 -0.662152
  5.220553	  1.075312	  1.067634	 -0.623741
  5.263692	  1.072351	  1.064585	 -0.676755
  5.307463	  1.068708	  1.060829	 -0.725969
  5.351072	  1.065062	  1.057146	 -0.701219
  5.394433	  1.060372	  1.052147	 -0.664504
  5.438080	  1.053862	  1.045238	 -0.704163
  5.481949	  1.046454	  1.037983	 -0.756442
  5.525487	  1.040172	  1.032034	 -0.734886
  5.569068	  1.034996	  1.027169	 -0.699000
  5.613399	  1.028983	  1.019815	 -0.728916
  5.657432	  1.017137	  1.005174	 -0.765035
  5.700671	  0.998410	  0.985430	 -0.736201
  5.744678	  0.976434	  0.962480	 -0.687535
  5.788307	  0.950564	  0.934565	 -0.696621
  5.832012	  0.919391	  0.902320	 -0.708106
  5.875698	  0.887394	  0.871210	 -0.672192
  5.919324	  0.859417	  0.844403	 -0.621060
  5.962877	  0.833732	  0.817859	 -0.615278
  6.006295	  0.801609	  0.779684	 -0.604134
  6.050044	  0.751117	  0.723009	 -0.540851
  6.093565	  0.685190	  0.650868	 -0.451036
  6.136568	  0.599740	  0.560134	 -0.382469
  6.180049	  0.510370	  0.476484	 -0.339169
  6.223936	  0.444549	  0.419310	 -0.295238
  6.267154	  0.401520	  0.380387	 -0.251320
  6.310903	  0.367203	  0.346313	 -0.222294
  6.354244	  0.328112	  0.302828	 -0.191843
  6.397686	  0.279012	  0.252125	 -0.146568
  6.441118	  0.232806	  0.207286	 -0.100160
  6.484303	  0.191047	  0.165682	 -0.069447
  6.527914	  0.152395	  0.128828	 -0.051035
  6.571426	  0.121519	  0.101048	 -0.034458
  6.614778	  0.099561	  0.082760	 -0.019298
  6.658479	  0.084715	  0.070691	 -0.012193
  6.702547	  0.076228	  0.064295	 -0.011787
  6.745996	  0.071323	  0.060275	 -0.010328
  6.790110	  0.066886	  0.055738	 -0.005712
  6.846720	  0.059114	  0.048110	 -0.004747
  6.890235	  0.053194	  0.042795	 -0.005013
  6.933391	  0.048754	  0.039156	 -0.003815
  6.976719	  0.045994	  0.036949	 -0.001971
  7.020906	  0.043608	  0.034738	 -0.001492
  7.065291	  0.040955	  0.032246	 -0.001575
  7.109512	  0.038461	  0.030017	 -0.000805
  7.153762	  0.036706	  0.028469	  0.000330
  7.197670	  0.035524	  0.027327	  0.000460
  7.241539	  0.034625	  0.026277	  0.000106
  7.285104	  0.033780	  0.025208	  0.000290
  7.328646	  0.033107	  0.024398	  0.000827
  7.372488	  0.032595	  0.023745	  0.000827
  7.416628	  0.032071	  0.023274	  0.000201
  7.460231	  0.031553	  0.022720	  0.000030
  7.504882	  0.031091	  0.022201	  0.000233
  7.548669	  0.030667	  0.021753	  0.000159
  7.592005	  0.030454	  0.021363	 -0.000362
  7.635868	  0.030086	  0.020851	 -0.000487
  7.679338	  0.029645	  0.020369	 -0.000295
  7.723251	  0.029234	  0.019965	 -0.000413
  7.767144	  0.028771	  0.019564	 -0.000958
  7.811148	  0.028182	  0.019044	 -0.001312
  7.854613	  0.027485	  0.018487	 -0.001173
  7.898514	  0.026710	  0.017957	 -0.001255
  7.942156	  0.026263	  0.017599	 -0.001716
  7.985626	  0.026082	  0.017149	 -0.001934
  8.029155	  0.025504	  0.016270	 -0.001667
  8.072650	  0.023893	  0.014882	 -0.001378
  8.115847	  0.021059	  0.012992	 -0.001291
  8.159289	  0.018031	  0.011377	 -0.001227
  8.203136	  0.015925	  0.010343	 -0.001071
  8.246725	  0.014535	  0.009550	 -0.001053
  8.290592	  0.013721	  0.008814	 -0.001217
  8.334508	  0.012603	  0.007831	 -0.001245
  8.378094	  0.010958	  0.006761	 -0.000924
  8.421591	  0.009165	  0.005628	 -0.000703
  8.465376	  0.007346	  0.004543	 -0.000635
  8.509213	  0.005687	  0.003682	 -0.000608
  8.552507	  0.004438	  0.002971	 -0.000528
  8.596240	  0.003440	  0.002402	 -0.000468
  8.640093	  0.002729	  0.002030	 -0.000483
  8.683471	  0.002257	  0.001813	 -0.000519
  8.727307	  0.001991	  0.001621	 -0.000502
  8.770742	  0.001756	  0.001426	 -0.000529
  8.814118	  0.001449	  0.001176	 -0.000630
  8.857565	  0.001166	  0.001004	 -0.000647
  8.901012	  0.000891	  0.000841	 -0.000651
  8.944700	  0.000708	  0.000694	 -0.000662
  8.987590	  0.000561	  0.000629	 -0.000733
  9.031235	  0.000406	  0.000498	 -0.000769
  9.074041	  0.000221	  0.000328	 -0.000801
  9.117857	  0.000054	  0.000205	 -0.000820
  9.161269	 -0.000101	  0.000110	 -0.000860
  9.204489	 -0.000240	  0.000016	 -0.000901
  9.248116	 -0.000381	 -0.000085	 -0.000970
  9.291861	 -0.000486	 -0.000197	 -0.001005
  9.334984	 -0.000599	 -0.000349	 -0.001051
  9.378389	 -0.000641	 -0.000297	 -0.001084
  9.421834	 -0.000720	 -0.000401	 -0.001132
  9.465086	 -0.000795	 -0.000457	 -0.001182
  9.508296	 -0.000884	 -0.000537	 -0.001219
  9.551877	 -0.000964	 -0.000598	 -0.001255
  9.595317	 -0.001000	 -0.000636	 -0.001286
  9.638435	 -0.001067	 -0.000683	 -0.001319
  9.682250	 -0.001199	 -0.000752	 -0.001371
  9.725615	 -0.001192	 -0.000795	 -0.001366
  9.769983	 -0.001259	 -0.000811	 -0.001392
  9.813599	 -0.001287	 -0.000873	 -0.001478
  9.856912	 -0.001316	 -0.000964	 -0.001499
  9.900515	 -0.001406	 -0.000965	 -0.001472
  9.943616	 -0.001479	 -0.000969	 -0.001451
  9.987088	 -0.001492	 -0.001034	 -0.001477
 10.030613	 -0.001541	 -0.001076	 -0.001537
 10.073433	 -0.001561	 -0.001097	 -0.001575
 10.116960	 -0.001591	 -0.001165	 -0.001564
 10.160335	 -0.001636	 -0.001122	 -0.001585
 10.205218	 -0.001668	 -0.001134	 -0.001583
 10.248826	 -0.001713	 -0.001181	 -0.001554
 10.292076	 -0.001651	 -0.001155	 -0.001583
 10.335702	 -0.001728	 -0.001252	 -0.001647
 10.380387	 -0.001745	 -0.001245	 -0.001633
 10.423827	 -0.001743	 -0.001294	 -0.001659
 10.467350	 -0.001743	 -0.001252	 -0.001663
 10.510500	 -0.001824	 -0.001304	 -0.001646
 10.555253	 -0.001831	 -0.001331	 -0.001673
 10.598483	 -0.001871	 -0.001318	 -0.001658
 10.641762	 -0.001838	 -0.001333	 -0.001713
 10.685356	 -0.001865	 -0.001399	 -0.001727
 10.729447	 -0.001880	 -0.001398	 -0.001741
 10.773308	 -0.001886	 -0.001409	 -0.001749
 10.816877	 -0.001916	 -0.001445	 -0.001790
 10.860095	 -0.001965	 -0.001415	 -0.001742
 10.905155	 -0.001951	 -0.001442	 -0.001780
 10.948157	 -0.002039	 -0.001489	 -0.001790
 10.991812	 -0.001977	 -0.001478	 -0.001821
 11.035172	 -0.001990	 -0.001515	 -0.001800
 11.078936	 -0.002014	 -0.001541	 -0.001834
 11.122434	 -0.002047	 -0.001510	 -0.001828
 11.166064	 -0.002024	 -0.001582	 -0.001847
 11.209251	 -0.002056	 -0.001568	 -0.001837
 11.252566	 -0.002066	 -0.001591	 -0.001881
 11.295687	 -0.002052	 -0.001604	 -0.001914
 11.339383	 -0.002080	 -0.001570	 -0.001890
 11.382333	 -0.002109	 -0.001595	 -0.001898
 11.425811	 -0.002130	 -0.001615	 -0.001922
 11.469554	 -0.002108	 -0.001641	 -0.001927
 11.513034	 -0.002112	 -0.001669	 -0.001944
 11.556654	 -0.002055	 -0.001670	 -0.001925
 11.600268	 -0.002099	 -0.001643	 -0.001918
 11.643770	 -0.002100	 -0.001636	 -0.001950
 11.687263	 -0.002087	 -0.001681	 -0.001934
 11.730652	 -0.002077	 -0.001694	 -0.001948
 11.774077	 -0.002002	 -0.001683	 -0.002003
 11.817540	 -0.002007	 -0.001649	 -0.002002
 11.860831	 -0.001978	 -0.001660	 -0.001946
 11.903948	 -0.001969	 -0.001700	 -0.001982
 11.947524	 -0.002001	 -0.001715	 -0.001970
 11.991163	 -0.001970	 -0.001699	 -0.001999
 12.034842	 -0.001964	 -0.001708	 -0.002009
 12.078175	 -0.001924	 -0.001692	 -0.001971
 12.121663	 -0.001845	 -0.001781	 -0.002023
 12.165672	 -0.001842	 -0.001728	 -0.002022
 12.208847	 -0.001694	 -0.001718	 -0.002023
 12.251904	 -0.001627	 -0.001743	 -0.002049
 12.295387	 -0.001612	 -0.001713	 -0.002023
 12.338638	 -0.001725	 -0.001696	 -0.002083
 12.383001	 -0.001763	 -0.001684	 -0.002012
 12.426467	 -0.001763	 -0.001681	 -0.002003
 12.469803	 -0.001781	 -0.001708	 -0.002025
 12.512898	 -0.001748	 -0.001712	 -0.002040
 12.555872	 -0.001766	 -0.001706	 -0.002012
 12.600158	 -0.001759	 -0.001697	 -0.002017
 12.643642	 -0.001776	 -0.001704	 -0.002027
 12.687139	 -0.001807	 -0.001665	 -0.002038
 12.730341	 -0.001791	 -0.001685	 -0.001996
 12.774281	 -0.001778	 -0.001635	 -0.001994
 12.818367	 -0.001805	 -0.001665	 -0.002033
 12.861287	 -0.001837	 -0.001644	 -0.002003
 12.904978	 -0.001840	 -0.001627	 -0.001988
 12.948373	 -0.001875	 -0.001652	 -0.002008
 12.991623	 -0.001854	 -0.001676	 -0.001985
 13.035133	 -0.001855	 -0.001647	 -0.001956
 13.078817	 -0.001864	 -0.001620	 -0.001977
 13.121638	 -0.001834	 -0.001616	 -0.001990
 13.164640	 -0.001827	 -0.001621	 -0.001974
 13.207826	 -0.001710	 -0.001549	 -0.001974
 13.250762	 -0.001674	 -0.001501	 -0.001982
 13.294009	 -0.001649	 -0.001532	 -0.001981
 13.337206	 -0.001599	 -0.001514	 -0.002086
 13.380441	 -0.001580	 -0.001455	 -0.002006
 13.424514	 -0.001409	 -0.001373	 -0.001998
 13.467258	 -0.001271	 -0.001352	 -0.002054
 13.510756	 -0.001119	 -0.001293	 -0.002031
 13.553939	 -0.000970	 -0.001256	 -0.002029
 13.596752	 -0.000781	 -0.001171	 -0.002059
 13.640094	 -0.000452	 -0.000966	 -0.002133
 13.683369	 -0.000046	 -0.000799	 -0.002168
 13.726622	  0.000303	 -0.000645	 -0.002167
 13.769861	  0.000619	 -0.000568	 -0.002183
 13.813242	  0.000976	 -0.000415	 -0.002282
 13.856379	  0.001412	 -0.000224	 -0.002329
 13.899621	  0.002012	  0.000065	 -0.002335
 13.942719	  0.002717	  0.000364	 -0.002364
 13.986997	  0.003193	  0.000624	 -0.002400
 14.030077	  0.003647	  0.001107	 -0.002441
 14.073227	  0.004507	  0.001727	 -0.002486
 14.116742	  0.005957	  0.002418	 -0.002709
 14.159709	  0.007658	  0.002943	 -0.003032
 14.202954	  0.009520	  0.003335	 -0.003392
 14.246355	  0.011355	  0.003812	 -0.003673
 14.290441	  0.013587	  0.004584	 -0.004043
 14.334647	  0.016352	  0.005776	 -0.004719
 14.377994	  0.019149	  0.007024	 -0.005230
 14.421257	  0.021078	  0.007598	 -0.005235
 14.464794	  0.021769	  0.007622	 -0.005276
 14.507947	  0.022388	  0.007514	 -0.005702
 14.551491	  0.023370	  0.007550	 -0.006073
 14.594717	  0.024428	  0.007769	 -0.005844
 14.638321	  0.025002	  0.007921	 -0.005590
 14.681814	  0.024243	  0.007515	 -0.005726
 14.725222	  0.021924	  0.006521	 -0.005568
 14.768570	  0.018975	  0.005533	 -0.005032
 14.812326	  0.016592	  0.004759	 -0.004480
 14.855541	  0.014827	  0.004109	 -0.004199
 14.899063	  0.013103	  0.003391	 -0.003881
 14.942201	  0.011004	  0.002493	 -0.003168
 14.985706	  0.008438	  0.001461	 -0.002491
 15.030203	  0.005974	  0.000648	 -0.002105
 15.073487	  0.004198	  0.000064	 -0.001887
 15.117711	  0.003070	 -0.000329	 -0.001635
 15.161203	  0.002402	 -0.000614	 -0.001399
 15.204769	  0.001981	 -0.000721	 -0.001344
 15.248314	  0.001864	 -0.000605	 -0.001397
 15.292812	  0.001924	 -0.000451	 -0.001411
 15.336596	  0.002204	 -0.000334	 -0.001456
 15.380332	  0.002504	 -0.000282	 -0.001351
 15.423831	  0.002712	 -0.000375	 -0.001130
 15.469585	  0.002839	 -0.000510	 -0.001002
 15.526688	  0.003126	 -0.000515	 -0.000848
 15.571047	  0.003532	 -0.000320	 -0.000648
 15.614639	  0.004182	  0.000142	 -0.000205
 15.658798	  0.005201	  0.000539	  0.000328
 15.702796	  0.006608	  0.000556	  0.000700
 15.746662	  0.008636	  0.000224	  0.001048
 15.790506	  0.011269	 -0.000307	  0.001490
 15.834416	  0.014155	 -0.000924	  0.002019
 15.878318	  0.017395	 -0.001077	  0.002586
 15.921759	  0.020761	  0.000519	  0.002521
 15.966433	  0.023544	  0.003525	  0.001609
 16.010180	  0.025642	  0.005921	  0.000920
 16.053913	  0.027859	  0.007356	  0.001662
 16.097716	  0.030750	  0.008165	  0.004252
 16.141187	  0.034984	  0.009008	  0.007467
 16.184682	  0.040591	  0.010306	  0.009283
 16.228280	  0.044787	  0.011359	  0.009329
 16.271815	  0.046893	  0.012877	  0.008911
 16.315425	  0.049342	  0.016190	  0.010193
 16.358801	  0.054203	  0.021205	  0.013758
 16.402493	  0.060338	  0.026565	  0.017471
 16.445820	  0.065602	  0.030133	  0.020000
 16.489269	  0.070119	  0.031325	  0.021950
 16.533047	  0.074126	  0.031211	  0.023821
 16.576298	  0.076283	  0.030669	  0.026156
 16.619919	  0.077849	  0.030621	  0.029705
 16.663411	  0.082058	  0.032806	  0.032362
 16.706940	  0.086477	  0.036341	  0.030314
 16.750163	  0.087115	  0.039115	  0.023691
 16.793541	  0.084122	  0.039219	  0.017560
 16.837035	  0.078530	  0.036413	  0.016744
 16.880031	  0.074399	  0.033534	  0.021405
 16.923826	  0.073582	  0.032099	  0.027586
 16.967163	  0.073505	  0.031718	  0.032584
 17.010653	  0.073270	  0.032149	  0.034099
 17.054230	  0.069987	  0.031884	  0.030179
 17.097412	  0.061516	  0.029961	  0.023358
 17.140627	  0.052447	  0.027019	  0.019788
 17.184014	  0.047396	  0.024889	  0.021880
 17.227655	  0.047707	  0.025394	  0.026739
 17.270784	  0.050736	  0.027331	  0.031225
 17.314430	  0.053222	  0.029778	  0.034567
 17.357457	  0.054912	  0.031986	  0.035345
 17.400646	  0.054574	  0.031874	  0.033255
 17.444130	  0.053326	  0.029714	  0.031249
 17.487902	  0.053891	  0.026652	  0.030482
 17.530925	  0.056039	  0.023461	  0.031700
 17.574375	  0.059065	  0.022195	  0.034579
 17.618213	  0.060492	  0.022698	  0.035998
 17.661647	  0.058973	  0.023672	  0.035765
 17.705337	  0.054563	  0.023576	  0.033096
 17.749027	  0.047746	  0.021695	  0.029032
 17.792133	  0.042335	  0.018891	  0.025758
 17.835893	  0.039675	  0.015337	  0.023730
 17.879143	  0.038636	  0.011771	  0.023337
 17.922389	  0.038023	  0.009573	  0.023184
 17.965767	  0.035959	  0.008568	  0.021194
 18.008882	  0.031524	  0.007463	  0.017429
 18.052654	  0.025013	  0.006163	  0.012971
 18.095735	  0.017760	  0.004478	  0.008665
 18.139529	  0.011862	  0.002827	  0.005592
 18.182628	  0.008324	  0.001715	  0.003940
 18.225479	  0.006535	  0.001007	  0.003031
 18.269362	  0.005458	  0.000671	  0.002467
 18.313224	  0.004485	  0.000365	  0.001714
 18.356810	  0.003334	  0.000048	  0.001044
 18.400340	  0.002418	 -0.000196	  0.000554
 18.444125	  0.001694	 -0.000324	  0.000215
 18.487343	  0.001150	 -0.000438	 -0.000078
 18.531366	  0.000697	 -0.000518	 -0.000345
 18.574854	  0.000367	 -0.000673	 -0.000584
 18.618938	  0.000112	 -0.000878	 -0.000772
 18.662158	 -0.000036	 -0.001014	 -0.000888
 18.705371	 -0.000122	 -0.001095	 -0.000895
 18.748678	 -0.000197	 -0.001106	 -0.000897
 18.791498	 -0.000314	 -0.001124	 -0.000918
 18.835127	 -0.000600	 -0.001234	 -0.001045
 18.878344	 -0.000827	 -0.001252	 -0.001141
 18.921990	 -0.001033	 -0.001298	 -0.001245
 18.965611	 -0.001215	 -0.001335	 -0.001408
 19.009236	 -0.001376	 -0.001393	 -0.001490
 19.052864	 -0.001455	 -0.001443	 -0.001547
 19.096089	 -0.001545	 -0.001458	 -0.001582
 19.139798	 -0.001598	 -0.001494	 -0.001614
 19.183345	 -0.001657	 -0.001467	 -0.001580
 19.227357	 -0.001652	 -0.001442	 -0.001542
 19.270849	 -0.001652	 -0.001494	 -0.001584
 19.314605	 -0.001660	 -0.001584	 -0.001678
 19.358720	 -0.001827	 -0.001604	 -0.001731
 19.402331	 -0.001818	 -0.001578	 -0.001765
 19.445320	 -0.001868	 -0.001583	 -0.001765
 19.488990	 -0.001886	 -0.001609	 -0.001787
 19.532204	 -0.001934	 -0.001622	 -0.001757
 19.575730	 -0.001874	 -0.001642	 -0.001791
 19.618941	 -0.001884	 -0.001665	 -0.001758
 19.662469	 -0.001937	 -0.001606	 -0.001734
 19.706069	 -0.001927	 -0.001615	 -0.001761
 19.749662	 -0.001980	 -0.001652	 -0.001807
 19.793194	 -0.001957	 -0.001639	 -0.001785
 19.836711	 -0.001978	 -0.001700	 -0.001831
 19.880466	 -0.001972	 -0.001659	 -0.001860
 19.924088	 -0.002029	 -0.001701	 -0.001842
 19.967314	 -0.002054	 -0.001681	 -0.001835
 20.011213	 -0.002067	 -0.001654	 -0.001832
 20.054957	 -0.002077	 -0.001683	 -0.001837
 20.098707	 -0.002108	 -0.001712	 -0.001901
 20.141808	 -0.002076	 -0.001691	 -0.001902
 20.185629	 -0.002166	 -0.001686	 -0.001886
 20.228806	 -0.002163	 -0.001733	 -0.001901
 20.272698	 -0.002188	 -0.001723	 -0.001913
 20.316054	 -0.002160	 -0.001704	 -0.001938
 20.359632	 -0.002198	 -0.001721	 -0.001913
 20.402932	 -0.002165	 -0.001731	 -0.001918
 20.446571	 -0.002181	 -0.001743	 -0.001890
 20.489933	 -0.002189	 -0.001721	 -0.001895
 20.533290	 -0.002229	 -0.001748	 -0.001906
 20.576247	 -0.002170	 -0.001771	 -0.001950
 20.619642	 -0.002226	 -0.001741	 -0.001929
 20.662687	 -0.002182	 -0.001739	 -0.001937
 20.706165	 -0.002223	 -0.001757	 -0.001953
 20.749542	 -0.002280	 -0.001771	 -0.001929
 20.793179	 -0.002210	 -0.001738	 -0.001891
 20.836608	 -0.002219	 -0.001789	 -0.001933
 20.879661	 -0.002235	 -0.001739	 -0.001877
 20.922499	 -0.002257	 -0.001766	 -0.001930
 20.966182	 -0.002279	 -0.001749	 -0.001951
 21.009529	 -0.002252	 -0.001773	 -0.001944
 21.053304	 -0.002273	 -0.001745	 -0.001975
 21.096689	 -0.002272	 -0.001775	 -0.001966
 21.139878	 -0.002272	 -0.001754	 -0.001929
 21.183410	 -0.002331	 -0.001770	 -0.001932
 21.227308	 -0.002287	 -0.001789	 -0.001991
 21.270538	 -0.002300	 -0.001798	 -0.001940
 21.313785	 -0.002293	 -0.001758	 -0.002007
 21.357071	 -0.002368	 -0.001779	 -0.001965
 21.400556	 -0.002362	 -0.001768	 -0.001975
 21.443588	 -0.002336	 -0.001786	 -0.002001
 21.486656	 -0.002305	 -0.001784	 -0.001988
 21.530161	 -0.002308	 -0.001769	 -0.001986
 21.573658	 -0.002280	 -0.001770	 -0.001955
 21.617546	 -0.002345	 -0.001814	 -0.001980
 21.661316	 -0.002396	 -0.001798	 -0.001977
 21.704271	 -0.002338	 -0.001787	 -0.002001
 21.747775	 -0.002310	 -0.001807	 -0.001978
 21.791164	 -0.002305	 -0.001786	 -0.001966
 21.834289	 -0.002362	 -0.001832	 -0.002035
 21.877815	 -0.002378	 -0.001811	 -0.002024
 21.921036	 -0.002368	 -0.001816	 -0.002012
 21.964138	 -0.002377	 -0.001794	 -0.002007
 22.007410	 -0.002370	 -0.001811	 -0.001985
 22.050791	 -0.002409	 -0.001813	 -0.002006
 22.094023	 -0.002375	 -0.001787	 -0.002008
 22.137507	 -0.002394	 -0.001826	 -0.002036
 22.180943	 -0.002352	 -0.001851	 -0.002057
 22.224250	 -0.002338	 -0.001775	 -0.002004
 22.267779	 -0.002368	 -0.001798	 -0.001975
 22.310866	 -0.002364	 -0.001795	 -0.002012
 22.354420	 -0.002393	 -0.001840	 -0.002020
 22.398025	 -0.002383	 -0.001800	 -0.002036
 22.441722	 -0.002353	 -0.001802	 -0.002025
 22.484873	 -0.002442	 -0.001827	 -0.002019
 22.528358	 -0.002414	 -0.001807	 -0.001996
 22.571989	 -0.002415	 -0.001798	 -0.002009
 22.615512	 -0.002410	 -0.001847	 -0.002040
 22.658765	 -0.002382	 -0.001823	 -0.002035
 22.702021	 -0.002410	 -0.001833	 -0.002029
 22.745511	 -0.002444	 -0.001839	 -0.002027
 22.788762	 -0.002391	 -0.001824	 -0.002018
 22.831988	 -0.002415	 -0.001855	 -0.002035
 22.874995	 -0.002406	 -0.001818	 -0.002030
 22.917866	 -0.002458	 -0.001834	 -0.002014
 22.961677	 -0.002478	 -0.001817	 -0.002027
 23.005006	 -0.002435	 -0.001848	 -0.002018
 23.048385	 -0.002406	 -0.001811	 -0.002015
 23.092620	 -0.002394	 -0.001814	 -0.002049
 23.135738	 -0.002416	 -0.001803	 -0.002070
 23.178885	 -0.002456	 -0.001816	 -0.002043
 23.223130	 -0.002457	 -0.001864	 -0.002012
 23.266439	 -0.002439	 -0.001816	 -0.002004
 23.309662	 -0.002402	 -0.001796	 -0.002049
 23.352713	 -0.002432	 -0.001866	 -0.002052
 23.395982	 -0.002454	 -0.001822	 -0.002019
 23.439382	 -0.002452	 -0.001843	 -0.002043
 23.482846	 -0.002486	 -0.001835	 -0.002018
 23.526623	 -0.002430	 -0.001818	 -0.002044
 23.570361	 -0.002432	 -0.001827	 -0.002030
 23.613277	 -0.002427	 -0.001847	 -0.002043
 23.656591	 -0.002460	 -0.001832	 -0.002050
 23.699869	 -0.002500	 -0.001839	 -0.002040
 23.742989	 -0.002406	 -0.001813	 -0.002047
 23.786117	 -0.002431	 -0.001823	 -0.002050
 23.829362	 -0.002468	 -0.001866	 -0.002013
 23.872490	 -0.002480	 -0.001834	 -0.002033
 23.915589	 -0.002457	 -0.001860	 -0.002064
 23.958721	 -0.002417	 -0.001859	 -0.002061
 24.001985	 -0.002465	 -0.001808	 -0.002027
 24.045558	 -0.002467	 -0.001832	 -0.002033
 24.088979	 -0.002495	 -0.001853	 -0.002045
 24.132229	 -0.002468	 -0.001844	 -0.002064
 24.175790	 -0.002468	 -0.001845	 -0.002064
 24.218573	 -0.002528	 -0.001833	 -0.002045
 24.261441	 -0.002486	 -0.001810	 -0.002025
 24.305077	 -0.002492	 -0.001863	 -0.002061
 24.349190	 -0.002578	 -0.001891	 -0.002092
 24.393105	 -0.002469	 -0.001868	 -0.002070
 24.436700	 -0.002499	 -0.001888	 -0.002047
 24.480223	 -0.002507	 -0.001818	 -0.002012
 24.523852	 -0.002488	 -0.001851	 -0.002035
 24.567468	 -0.002538	 -0.001869	 -0.002047
 24.610842	 -0.002504	 -0.001833	 -0.002055
 24.654192	 -0.002489	 -0.001843	 -0.002067
 24.697617	 -0.002501	 -0.001863	 -0.002065
 24.740935	 -0.002457	 -0.001817	 -0.002034
 24.784475	 -0.002526	 -0.001818	 -0.002040
 24.827703	 -0.002495	 -0.001896	 -0.002052
 24.871462	 -0.002470	 -0.001855	 -0.002070
 24.914969	 -0.002496	 -0.001843	 -0.002077
 24.958526	 -0.002483	 -0.001824	 -0.002038
 25.001838	 -0.002517	 -0.001823	 -0.002066
 25.044692	 -0.002523	 -0.001840	 -0.002049
 25.087919	 -0.002523	 -0.001871	 -0.002098
 25.130931	 -0.002505	 -0.001834	 -0.002067
 25.174483	 -0.002517	 -0.001853	 -0.002034
 25.217400	 -0.002512	 -0.001812	 -0.002023
 25.260529	 -0.002453	 -0.001824	 -0.002025
 25.303537	 -0.002470	 -0.001849	 -0.002034
 25.347180	 -0.002504	 -0.001914	 -0.002082
 25.392828	 -0.002497	 -0.001870	 -0.002078
 25.436222	 -0.002488	 -0.001831	 -0.002059
 25.479811	 -0.002509	 -0.001851	 -0.002062
 25.523071	 -0.002513	 -0.001829	 -0.002055
 25.566472	 -0.002531	 -0.001866	 -0.002050
 25.609443	 -0.002467	 -0.001861	 -0.002086
 25.652662	 -0.002494	 -0.001845	 -0.002078
 25.695935	 -0.002522	 -0.001844	 -0.002044
 25.739313	 -0.002499	 -0.001829	 -0.002062
 25.782818	 -0.002515	 -0.001854	 -0.002067
 25.826313	 -0.002476	 -0.001918	 -0.002080
 25.869691	 -0.002501	 -0.001854	 -0.002068
 25.913067	 -0.002517	 -0.001856	 -0.002035
 25.956503	 -0.002533	 -0.001850	 -0.002040
 25.999938	 -0.002526	 -0.001847	 -0.002070
 26.043306	 -0.002499	 -0.001848	 -0.002062
 26.086793	 -0.002504	 -0.001876	 -0.002078
 26.130426	 -0.002494	 -0.001845	 -0.002062
 26.173990	 -0.002525	 -0.001848	 -0.002082
 26.217302	 -0.002534	 -0.001913	 -0.002044
 26.261297	 -0.002512	 -0.001868	 -0.002060
 26.304423	 -0.002520	 -0.001848	 -0.002083
 26.348398	 -0.002564	 -0.001860	 -0.002067
 26.392340	 -0.002462	 -0.001834	 -0.002056
 26.435398	 -0.002522	 -0.001845	 -0.002050
 26.479043	 -0.002539	 -0.001868	 -0.002038
 26.522287	 -0.002527	 -0.001885	 -0.002052
 26.565893	 -0.002505	 -0.001848	 -0.002035
 26.609384	 -0.002505	 -0.001876	 -0.002089
 26.652739	 -0.002523	 -0.001861	 -0.002076
 26.695905	 -0.002548	 -0.001827	 -0.002045
 26.739518	 -0.002538	 -0.001859	 -0.002028
 26.783099	 -0.002516	 -0.001854	 -0.002068
 26.826190	 -0.002499	 -0.001903	 -0.002098
 26.869409	 -0.002517	 -0.001860	 -0.002077
 26.913005	 -0.002506	 -0.001876	 -0.002113
 26.956560	 -0.002525	 -0.001848	 -0.002046
 26.999919	 -0.002520	 -0.001877	 -0.002050
 27.043630	 -0.002464	 -0.001872	 -0.002061
 27.086644	 -0.002505	 -0.001854	 -0.002059
 27.129662	 -0.002507	 -0.001868	 -0.002078
 27.173251	 -0.002528	 -0.001864	 -0.002062
 27.216510	 -0.002513	 -0.001874	 -0.002055
 27.260154	 -0.002489	 -0.001860	 -0.002075
 27.303711	 -0.002529	 -0.001845	 -0.002051
 27.346773	 -0.002558	 -0.001902	 -0.002064
 27.390895	 -0.002538	 -0.001859	 -0.002057
 27.434399	 -0.002521	 -0.001844	 -0.002045
 27.477373	 -0.002526	 -0.001881	 -0.002054
 27.521149	 -0.002495	 -0.001848	 -0.002041
 27.564895	 -0.002504	 -0.001848	 -0.002071
 27.608027	 -0.002494	 -0.001880	 -0.002062
 27.651730	 -0.002541	 -0.001850	 -0.002067
 27.695019	 -0.002532	 -0.001879	 -0.002068
 27.738497	 -0.002526	 -0.001843	 -0.002065
 27.782279	 -0.002492	 -0.001851	 -0.002118
 27.826011	 -0.002504	 -0.001912	 -0.002086
 27.869770	 -0.002511	 -0.001859	 -0.002070
 27.913361	 -0.002507	 -0.001850	 -0.002040
 27.957011	 -0.002566	 -0.001874	 -0.002062
 28.000360	 -0.002513	 -0.001892	 -0.002065
 28.043631	 -0.002469	 -0.001860	 -0.002081
 28.086998	 -0.002506	 -0.001872	 -0.002078
 28.130535	 -0.002504	 -0.001842	 -0.002039
 28.174377	 -0.002526	 -0.001860	 -0.002029
 28.217736	 -0.002522	 -0.001802	 -0.002039
 28.261373	 -0.002472	 -0.001801	 -0.002024
 28.304876	 -0.002490	 -0.001843	 -0.002041
 28.349036	 -0.002526	 -0.001901	 -0.002068
 28.393119	 -0.002452	 -0.001826	 -0.002051
 28.436593	 -0.002476	 -0.001847	 -0.002043
 28.479764	 -0.002532	 -0.001855	 -0.002060
 28.524917	 -0.002475	 -0.001839	 -0.002020
 28.568339	 -0.002507	 -0.001844	 -0.002041
 28.611688	 -0.002513	 -0.001875	 -0.002067
 28.655243	 -0.002513	 -0.001858	 -0.002066
 28.698357	 -0.002480	 -0.001876	 -0.002076
 28.741862	 -0.002478	 -0.001833	 -0.002055
 28.785482	 -0.002534	 -0.001868	 -0.002052
 28.828611	 -0.002526	 -0.001907	 -0.002041
 28.871988	 -0.002517	 -0.001858	 -0.002040
 28.915464	 -0.002486	 -0.001864	 -0.002086
 28.958996	 -0.002489	 -0.001858	 -0.002096
 29.001973	 -0.002531	 -0.001844	 -0.002056
 29.045484	 -0.002502	 -0.001845	 -0.002041
 29.089108	 -0.002507	 -0.001893	 -0.002071
 29.132607	 -0.002499	 -0.001881	 -0.002077
 29.175863	 -0.002467	 -0.001861	 -0.002056
 29.219456	 -0.002505	 -0.001875	 -0.002059
 29.263052	 -0.002485	 -0.001854	 -0.002060
 29.306320	 -0.002513	 -0.001855	 -0.002052
 29.349975	 -0.002581	 -0.001927	 -0.002078
 29.393644	 -0.002469	 -0.001855	 -0.002062
 29.437980	 -0.002506	 -0.001865	 -0.002059
 29.481846	 -0.002497	 -0.001884	 -0.002072
 29.525103	 -0.002500	 -0.001847	 -0.002051
 29.568438	 -0.002542	 -0.001853	 -0.002052
 29.611457	 -0.002528	 -0.001855	 -0.002089
 29.655343	 -0.002525	 -0.001860	 -0.002070
 29.699740	 -0.002542	 -0.001840	 -0.002099
 29.744263	 -0.002494	 -0.001856	 -0.002071
 29.787337	 -0.002492	 -0.001851	 -0.002064
 29.830573	 -0.002502	 -0.001880	 -0.002050
 29.873706	 -0.002512	 -0.001856	 -0.002060
 29.917351	 -0.002509	 -0.001871	 -0.002023
 29.960775	 -0.002499	 -0.001884	 -0.002076
 30.003908	 -0.002483	 -0.001870	 -0.002065
 30.047290	 -0.002518	 -0.001839	 -0.002070
 30.090234	 -0.002502	 -0.001856	 -0.002059
 30.133683	 -0.002525	 -0.001864	 -0.002067
 30.177195	 -0.002501	 -0.001891	 -0.002078
 30.220663	 -0.002506	 -0.001902	 -0.002108
 30.263676	 -0.002528	 -0.001847	 -0.002047
 30.306937	 -0.002526	 -0.001848	 -0.002068
 30.350321	 -0.002602	 -0.001886	 -0.002057
 30.394190	 -0.002486	 -0.001835	 -0.002050
 30.437700	 -0.002513	 -0.001863	 -0.002031
 30.480820	 -0.002500	 -0.001856	 -0.002059
 30.524313	 -0.002516	 -0.001872	 -0.002047
 30.567918	 -0.002542	 -0.001833	 -0.002047
 30.611041	 -0.002481	 -0.001838	 -0.002064
 30.654721	 -0.002479	 -0.001842	 -0.002073
 30.698189	 -0.002492	 -0.001874	 -0.002086
 30.741187	 -0.002501	 -0.001854	 -0.002072
 30.784560	 -0.002536	 -0.001859	 -0.002044
 30.828031	 -0.002501	 -0.001885	 -0.002067
 30.870812	 -0.002490	 -0.001854	 -0.002014
 30.914314	 -0.002486	 -0.001855	 -0.002071
 30.957627	 -0.002537	 -0.001833	 -0.002044
 31.001012	 -0.002532	 -0.001855	 -0.002045
 31.044522	 -0.002509	 -0.001877	 -0.002080
 31.087935	 -0.002492	 -0.001865	 -0.002071
 31.131416	 -0.002521	 -0.001858	 -0.002031
 31.174799	 -0.002499	 -0.001845	 -0.002035
 31.219585	 -0.002483	 -0.001823	 -0.002018
 31.263928	 -0.002472	 -0.001831	 -0.002020
 31.307827	 -0.002483	 -0.001824	 -0.002003
 31.351373	 -0.002517	 -0.001922	 -0.002062
 31.395027	 -0.002492	 -0.001860	 -0.002046
 31.438681	 -0.002506	 -0.001843	 -0.002073
 31.482314	 -0.002483	 -0.001859	 -0.002080
 31.526044	 -0.002494	 -0.001891	 -0.002052
 31.569584	 -0.002505	 -0.001855	 -0.002056
 31.612707	 -0.002528	 -0.001884	 -0.002096
 31.655635	 -0.002516	 -0.001844	 -0.002041
 31.699042	 -0.002479	 -0.001854	 -0.002070
 31.742291	 -0.002506	 -0.001856	 -0.002055
 31.785789	 -0.002547	 -0.001865	 -0.002055
 31.829346	 -0.002536	 -0.001964	 -0.002072
 31.872412	 -0.002531	 -0.001888	 -0.002094
 31.915426	 -0.002486	 -0.001877	 -0.002068
 31.959661	 -0.002478	 -0.001871	 -0.002077
 32.003049	 -0.002517	 -0.001837	 -0.002039
 32.046024	 -0.002527	 -0.001853	 -0.002050
 32.090120	 -0.002525	 -0.001866	 -0.002060
 32.134804	 -0.002552	 -0.001845	 -0.002056
 32.178272	 -0.002501	 -0.001866	 -0.002075
 32.221302	 -0.002485	 -0.001874	 -0.002064
 32.264802	 -0.002549	 -0.001851	 -0.002071
 32.308020	 -0.002511	 -0.001859	 -0.002076
 32.351462	 -0.002545	 -0.001885	 -0.002055
 32.394751	 -0.002479	 -0.001892	 -0.002054
 32.438393	 -0.002527	 -0.001884	 -0.002080
 32.482040	 -0.002465	 -0.001848	 -0.002067
 32.525009	 -0.002494	 -0.001863	 -0.002088
 32.569651	 -0.002544	 -0.001850	 -0.002046
 32.613228	 -0.002527	 -0.001877	 -0.002041
 32.656506	 -0.002547	 -0.001845	 -0.002068
 32.699997	 -0.002506	 -0.001848	 -0.002075
 32.743390	 -0.002476	 -0.001895	 -0.002082
 32.786858	 -0.002505	 -0.001833	 -0.002029
 32.830156	 -0.002505	 -0.001866	 -0.002024
 32.873239	 -0.002505	 -0.001892	 -0.002078
 32.916509	 -0.002544	 -0.001885	 -0.002089
 32.959636	 -0.002516	 -0.001851	 -0.002044
 33.002881	 -0.002504	 -0.001860	 -0.002039
 33.046256	 -0.002532	 -0.001906	 -0.002076
 33.090165	 -0.002552	 -0.001874	 -0.002061
 33.133304	 -0.002501	 -0.001834	 -0.002073
 33.175981	 -0.002494	 -0.001859	 -0.002036
 33.219402	 -0.002532	 -0.001870	 -0.002057
 33.262622	 -0.002563	 -0.001865	 -0.002031
 33.305745	 -0.002517	 -0.001882	 -0.002087
 33.350432	 -0.002573	 -0.001902	 -0.002083
 33.393605	 -0.002490	 -0.001866	 -0.002098
 33.436996	 -0.002525	 -0.001882	 -0.002081
 33.480311	 -0.002527	 -0.001866	 -0.002056
 33.523588	 -0.002538	 -0.001845	 -0.002047
 33.566749	 -0.002494	 -0.001848	 -0.002049
 33.610225	 -0.002475	 -0.001865	 -0.002084
 33.654865	 -0.002506	 -0.001864	 -0.002066
 33.698362	 -0.002511	 -0.001860	 -0.002080
 33.741736	 -0.002520	 -0.001874	 -0.002052
 33.784580	 -0.002557	 -0.001866	 -0.002039
 33.827984	 -0.002486	 -0.001907	 -0.002062
 33.871494	 -0.002489	 -0.001898	 -0.002061
 33.914595	 -0.002517	 -0.001868	 -0.002038
 33.957959	 -0.002520	 -0.001880	 -0.002052
 34.001730	 -0.002559	 -0.001856	 -0.002039
 34.044844	 -0.002486	 -0.001874	 -0.002055
 34.088480	 -0.002476	 -0.001887	 -0.002076
 34.132104	 -0.002494	 -0.001866	 -0.002082
 34.175450	 -0.002552	 -0.001880	 -0.002025
 34.219076	 -0.002512	 -0.001860	 -0.002010
 34.262571	 -0.002512	 -0.001886	 -0.002033
 34.306085	 -0.002485	 -0.001823	 -0.002024
 34.350661	 -0.002529	 -0.001954	 -0.002121
 34.393444	 -0.002490	 -0.001877	 -0.002092
 34.437218	 -0.002543	 -0.001864	 -0.002066
 34.480932	 -0.002512	 -0.001863	 -0.002084
 34.524484	 -0.002500	 -0.001844	 -0.002076
 34.567513	 -0.002553	 -0.001871	 -0.002040
 34.611210	 -0.002506	 -0.001882	 -0.002075
 34.654686	 -0.002525	 -0.001890	 -0.002061
 34.698210	 -0.002472	 -0.001842	 -0.002039
 34.741450	 -0.002505	 -0.001858	 -0.002068
 34.784965	 -0.002563	 -0.001871	 -0.002072
 34.828191	 -0.002529	 -0.001887	 -0.002060
 34.871926	 -0.002494	 -0.001856	 -0.002075
 34.915586	 -0.002496	 -0.001890	 -0.002066
 34.958839	 -0.002501	 -0.001870	 -0.002067
 35.001803	 -0.002545	 -0.001881	 -0.002088
 35.045204	 -0.002509	 -0.001875	 -0.002060
 35.088556	 -0.002490	 -0.001859	 -0.002089
 35.132079	 -0.002505	 -0.001876	 -0.002092
 35.175704	 -0.002522	 -0.001918	 -0.002092
 35.218964	 -0.002563	 -0.001863	 -0.002049
 35.262452	 -0.002523	 -0.001847	 -0.002064
 35.305825	 -0.002511	 -0.001885	 -0.002075
 35.349725	 -0.002581	 -0.001903	 -0.002114
 35.393706	 -0.002490	 -0.001858	 -0.002081
 35.437421	 -0.002495	 -0.001840	 -0.002055
 35.481193	 -0.002531	 -0.001861	 -0.002040
 35.524286	 -0.002509	 -0.001892	 -0.002071
 35.567916	 -0.002521	 -0.001888	 -0.002049
 35.611912	 -0.002520	 -0.001877	 -0.002060
 35.654929	 -0.002492	 -0.001877	 -0.002086
 35.698193	 -0.002496	 -0.001877	 -0.002045
 35.741790	 -0.002554	 -0.001866	 -0.002038
 35.784660	 -0.002534	 -0.001874	 -0.002028
 35.828239	 -0.002497	 -0.001906	 -0.002091
 35.871413	 -0.002521	 -0.001903	 -0.002044
 35.914932	 -0.002505	 -0.001832	 -0.002051
 35.958042	 -0.002497	 -0.001868	 -0.002073
 36.001409	 -0.002513	 -0.001885	 -0.002065
 36.044528	 -0.002506	 -0.001890	 -0.002088
 36.088171	 -0.002509	 -0.001850	 -0.002035
 36.131541	 -0.002489	 -0.001860	 -0.002065
 36.175172	 -0.002527	 -0.001890	 -0.002082
 36.218672	 -0.002539	 -0.001855	 -0.002065
 36.262148	 -0.002518	 -0.001874	 -0.002133
 36.305639	 -0.002494	 -0.001840	 -0.002071
 36.348768	 -0.002578	 -0.001903	 -0.002086
 36.392301	 -0.002516	 -0.001893	 -0.002025
 36.435779	 -0.002557	 -0.001856	 -0.002014
 36.479269	 -0.002543	 -0.001849	 -0.002043
 36.522759	 -0.002506	 -0.001893	 -0.002082
 36.566326	 -0.002481	 -0.001858	 -0.002061
 36.610035	 -0.002492	 -0.001879	 -0.002054
 36.653266	 -0.002516	 -0.001858	 -0.002041
 36.697035	 -0.002516	 -0.001859	 -0.002060
 36.740683	 -0.002511	 -0.001865	 -0.002050
 36.784886	 -0.002526	 -0.001881	 -0.002043
 36.828000	 -0.002474	 -0.001912	 -0.002067
 36.871418	 -0.002479	 -0.001872	 -0.002060
 36.914806	 -0.002479	 -0.001872	 -0.002084
 36.958147	 -0.002507	 -0.001859	 -0.002073
 37.001579	 -0.002552	 -0.001895	 -0.002068
 37.044656	 -0.002500	 -0.001881	 -0.002084
 37.088030	 -0.002489	 -0.001851	 -0.002071
 37.131380	 -0.002516	 -0.001865	 -0.002027
 37.175150	 -0.002518	 -0.001875	 -0.002009
 37.218750	 -0.002492	 -0.001826	 -0.002025
 37.262127	 -0.002483	 -0.001861	 -0.002066
 37.305750	 -0.002462	 -0.001822	 -0.002039
 37.349123	 -0.002483	 -0.001935	 -0.002076
 37.392500	 -0.002531	 -0.001853	 -0.002045
 37.436109	 -0.002531	 -0.001863	 -0.002043
 37.479615	 -0.002531	 -0.001900	 -0.002071
 37.523142	 -0.002523	 -0.001886	 -0.002073
 37.566642	 -0.002489	 -0.001876	 -0.002073
 37.610171	 -0.002510	 -0.001880	 -0.002076
 37.653763	 -0.002506	 -0.001844	 -0.002047
 37.697014	 -0.002518	 -0.001847	 -0.002036
 37.740179	 -0.002532	 -0.001892	 -0.002059
 37.784009	 -0.002499	 -0.001874	 -0.002044
 37.827457	 -0.002480	 -0.001897	 -0.002064
 37.870824	 -0.002479	 -0.001844	 -0.002065
 37.914665	 -0.002496	 -0.001860	 -0.002052
 37.958070	 -0.002532	 -0.001875	 -0.002040
 38.001232	 -0.002527	 -0.001876	 -0.002066
 38.045000	 -0.002499	 -0.001895	 -0.002062
 38.088124	 -0.002541	 -0.001906	 -0.002075
 38.131602	 -0.002547	 -0.001827	 -0.002043
 38.175376	 -0.002511	 -0.001856	 -0.002073
 38.219982	 -0.002534	 -0.001849	 -0.002040
 38.263466	 -0.002533	 -0.001870	 -0.002086
 38.306989	 -0.002586	 -0.001877	 -0.002066
 38.350332	 -0.002554	 -0.001917	 -0.002044
 38.393617	 -0.002495	 -0.001881	 -0.002088
 38.436967	 -0.002516	 -0.001863	 -0.002046
 38.480913	 -0.002516	 -0.001858	 -0.002068
 38.524122	 -0.002501	 -0.001861	 -0.002054
 38.567587	 -0.002531	 -0.001874	 -0.002073
 38.611088	 -0.002506	 -0.001890	 -0.002076
 38.654828	 -0.002507	 -0.001869	 -0.002060
 38.698457	 -0.002506	 -0.001863	 -0.002059
 38.741863	 -0.002563	 -0.001879	 -0.002067
 38.785341	 -0.002545	 -0.001842	 -0.002020
 38.828862	 -0.002525	 -0.001906	 -0.002060
 38.872574	 -0.002512	 -0.001892	 -0.002068
 38.916406	 -0.002499	 -0.001861	 -0.002060
 38.959610	 -0.002504	 -0.001868	 -0.002059
 39.003095	 -0.002528	 -0.001858	 -0.002054
 39.046980	 -0.002550	 -0.001854	 -0.002055
 39.090186	 -0.002536	 -0.001893	 -0.002068
 39.133670	 -0.002492	 -0.001882	 -0.002081
 39.176663	 -0.002499	 -0.001901	 -0.002091
 39.219702	 -0.002549	 -0.001886	 -0.002067
 39.263349	 -0.002532	 -0.001870	 -0.002066
 39.306723	 -0.002512	 -0.001892	 -0.002056
 39.350333	 -0.002568	 -0.001922	 -0.002083
 39.393780	 -0.002499	 -0.001869	 -0.002080
 39.437190	 -0.002545	 -0.001885	 -0.002075
 39.480594	 -0.002529	 -0.001875	 -0.002089
 39.524090	 -0.002506	 -0.001890	 -0.002097
 39.567210	 -0.002522	 -0.001864	 -0.002087
 39.610538	 -0.002489	 -0.001881	 -0.002071
 39.653424	 -0.002534	 -0.001858	 -0.002068
 39.696340	 -0.002558	 -0.001902	 -0.002081
 39.739750	 -0.002495	 -0.001874	 -0.002080
 39.783082	 -0.002500	 -0.001827	 -0.002044
 39.826464	 -0.002522	 -0.001922	 -0.002070
 39.869334	 -0.002522	 -0.001851	 -0.002036
 39.912647	 -0.002510	 -0.001864	 -0.002077
 39.956140	 -0.002516	 -0.001900	 -0.002084
 39.999681	 -0.002500	 -0.001839	 -0.002064
 40.042543	 -0.002515	 -0.001849	 -0.002091
 40.085800	 -0.002521	 -0.001872	 -0.002065
 40.129185	 -0.002527	 -0.001886	 -0.002067
 40.172819	 -0.002502	 -0.001900	 -0.002080
 40.216175	 -0.002495	 -0.001849	 -0.002070
 40.259573	 -0.002488	 -0.001798	 -0.002038
 40.303363	 -0.002486	 -0.001891	 -0.002020
 40.346119	 -0.002536	 -0.001897	 -0.002107
 40.389162	 -0.002534	 -0.001871	 -0.002076
 40.432687	 -0.002547	 -0.001886	 -0.002096
 40.476063	 -0.002527	 -0.001843	 -0.002062
 40.519314	 -0.002569	 -0.001871	 -0.002047
 40.562548	 -0.002525	 -0.001893	 -0.002075
 40.606278	 -0.002504	 -0.001869	 -0.002070
 40.649349	 -0.002491	 -0.001880	 -0.002086
 40.692544	 -0.002529	 -0.001868	 -0.002065
 40.736313	 -0.002557	 -0.001864	 -0.002043
 40.779805	 -0.002518	 -0.001884	 -0.002084
 40.822462	 -0.002505	 -0.001909	 -0.002061
 40.866063	 -0.002510	 -0.001890	 -0.002060
 40.909502	 -0.002536	 -0.001876	 -0.002065
 40.952668	 -0.002548	 -0.001885	 -0.002066
 40.996308	 -0.002536	 -0.001904	 -0.002066
 41.039959	 -0.002500	 -0.001890	 -0.002056
 41.082797	 -0.002509	 -0.001863	 -0.002068
 41.125800	 -0.002516	 -0.001869	 -0.002089
 41.169174	 -0.002553	 -0.001884	 -0.002061
 41.212018	 -0.002502	 -0.001885	 -0.002097
 41.255426	 -0.002501	 -0.001854	 -0.002055
 41.298861	 -0.002520	 -0.001845	 -0.002041
 41.342305	 -0.002565	 -0.001897	 -0.002056
 41.386046	 -0.002557	 -0.001869	 -0.002041
 41.429138	 -0.002541	 -0.001855	 -0.002084
 41.472755	 -0.002518	 -0.001866	 -0.002078
 41.516134	 -0.002517	 -0.001851	 -0.002050
 41.559540	 -0.002516	 -0.001860	 -0.002052
 41.602522	 -0.002533	 -0.001858	 -0.002043
 41.646163	 -0.002526	 -0.001884	 -0.002062
 41.689829	 -0.002529	 -0.001885	 -0.002057
 41.732782	 -0.002518	 -0.001890	 -0.002077
 41.776135	 -0.002526	 -0.001851	 -0.002047
 41.819651	 -0.002538	 -0.001848	 -0.002093
 41.864316	 -0.002523	 -0.001866	 -0.002088
 41.907536	 -0.002507	 -0.001870	 -0.002084
 41.950565	 -0.002511	 -0.001880	 -0.002078
 41.994149	 -0.002474	 -0.001859	 -0.002065
 42.037400	 -0.002511	 -0.001879	 -0.002073
 42.080745	 -0.002516	 -0.001885	 -0.002078
 42.124146	 -0.002525	 -0.001896	 -0.002081
 42.167024	 -0.002522	 -0.001891	 -0.002094
 42.210464	 -0.002486	 -0.001864	 -0.002066
 42.253917	 -0.002490	 -0.001881	 -0.002080
 42.298019	 -0.002492	 -0.001845	 -0.002088
 42.343455	 -0.002564	 -0.001932	 -0.002067
 42.387145	 -0.002573	 -0.001870	 -0.002078
 42.430489	 -0.002523	 -0.001888	 -0.002054
 42.474013	 -0.002525	 -0.001882	 -0.002086
 42.517290	 -0.002507	 -0.001855	 -0.002067
 42.560232	 -0.002476	 -0.001853	 -0.002087
 42.603760	 -0.002532	 -0.001886	 -0.002066
 42.647460	 -0.002549	 -0.001906	 -0.002076
 42.690762	 -0.002554	 -0.001876	 -0.002080
 42.733986	 -0.002534	 -0.001882	 -0.002083
 42.777386	 -0.002470	 -0.001838	 -0.002072
 42.820536	 -0.002555	 -0.001884	 -0.002135
 42.863758	 -0.002548	 -0.001903	 -0.002071
 42.907133	 -0.002510	 -0.001877	 -0.002068
 42.951279	 -0.002539	 -0.001874	 -0.002091
 42.994442	 -0.002467	 -0.001848	 -0.002045
 43.037758	 -0.002478	 -0.001861	 -0.002055
 43.080918	 -0.002552	 -0.001901	 -0.002073
 43.124237	 -0.002500	 -0.001874	 -0.002067
 43.167690	 -0.002542	 -0.001860	 -0.002081
 43.211244	 -0.002451	 -0.001847	 -0.002022
 43.254739	 -0.002452	 -0.001827	 -0.002030
 43.298230	 -0.002488	 -0.001854	 -0.002054
 43.341612	 -0.002516	 -0.001919	 -0.002070
 43.385121	 -0.002516	 -0.001875	 -0.002060
 43.428375	 -0.002500	 -0.001892	 -0.002096
 43.471484	 -0.002532	 -0.001865	 -0.002056
 43.515094	 -0.002497	 -0.001855	 -0.002078
 43.558986	 -0.002515	 -0.001850	 -0.002066
 43.602434	 -0.002562	 -0.001879	 -0.002070
 43.645724	 -0.002537	 -0.001893	 -0.002086
 43.689217	 -0.002523	 -0.001854	 -0.002084
 43.733895	 -0.002538	 -0.001860	 -0.002070
 43.776484	 -0.002516	 -0.001864	 -0.002029
 43.819984	 -0.002526	 -0.001888	 -0.002087
 43.863101	 -0.002523	 -0.001880	 -0.002091
 43.906079	 -0.002550	 -0.001866	 -0.002084
 43.949352	 -0.002510	 -0.001855	 -0.002068
 43.992472	 -0.002510	 -0.001839	 -0.002031
 44.035740	 -0.002550	 -0.001887	 -0.002067
 44.079352	 -0.002523	 -0.001869	 -0.002062
 44.122575	 -0.002510	 -0.001892	 -0.002067
 44.166445	 -0.002506	 -0.001865	 -0.002108
 44.210239	 -0.002517	 -0.001890	 -0.002034
 44.254068	 -0.002547	 -0.001859	 -0.002060
 44.297589	 -0.002509	 -0.001869	 -0.002065
 44.341522	 -0.002610	 -0.001937	 -0.002073
 44.385847	 -0.002558	 -0.001834	 -0.002055
 44.429172	 -0.002499	 -0.001854	 -0.002080
 44.472283	 -0.002501	 -0.001864	 -0.002072
 44.515396	 -0.002533	 -0.001865	 -0.002059
 44.558685	 -0.002517	 -0.001845	 -0.002067
 44.601972	 -0.002525	 -0.001844	 -0.002072
 44.645202	 -0.002501	 -0.001879	 -0.002083
 44.689025	 -0.002529	 -0.001865	 -0.002100
 44.732443	 -0.002501	 -0.001871	 -0.002036
 44.776097	 -0.002527	 -0.001854	 -0.002070
 44.819332	 -0.002544	 -0.001863	 -0.002092
 44.863852	 -0.002541	 -0.001875	 -0.002025
 44.907332	 -0.002515	 -0.001887	 -0.002078
 44.950429	 -0.002516	 -0.001858	 -0.002080
 44.993824	 -0.002509	 -0.001866	 -0.002084
 45.037211	 -0.002536	 -0.001864	 -0.002064
 45.080943	 -0.002511	 -0.001851	 -0.002054
 45.123955	 -0.002518	 -0.001854	 -0.002077
 45.167060	 -0.002522	 -0.001868	 -0.002070
 45.210439	 -0.002507	 -0.001844	 -0.002047
 45.253786	 -0.002543	 -0.001872	 -0.002051
 45.296938	 -0.002506	 -0.001854	 -0.002066
 45.340159	 -0.002569	 -0.001876	 -0.002075
 45.383673	 -0.002486	 -0.001870	 -0.002065
 45.427365	 -0.002496	 -0.001850	 -0.002064
 45.470541	 -0.002573	 -0.001868	 -0.002031
 45.513790	 -0.002557	 -0.001902	 -0.002057
 45.557211	 -0.002537	 -0.001904	 -0.002081
 45.600309	 -0.002522	 -0.001884	 -0.002068
 45.643686	 -0.002505	 -0.001827	 -0.002065
 45.686914	 -0.002560	 -0.001863	 -0.002035
 45.730370	 -0.002532	 -0.001885	 -0.002072
 45.773426	 -0.002531	 -0.001863	 -0.002061
 45.816483	 -0.002526	 -0.001895	 -0.002093
 45.859214	 -0.002532	 -0.001882	 -0.002045
 45.902656	 -0.002557	 -0.001844	 -0.002065
 45.946156	 -0.002518	 -0.001880	 -0.002097
 45.989554	 -0.002536	 -0.001866	 -0.002075
 46.033176	 -0.002543	 -0.001877	 -0.002072
 46.076546	 -0.002555	 -0.001870	 -0.002081
 46.119797	 -0.002542	 -0.001835	 -0.002060
 46.163997	 -0.002512	 -0.001891	 -0.002077
 46.207009	 -0.002459	 -0.001851	 -0.002034
 46.250291	 -0.002476	 -0.001829	 -0.002041
 46.294298	 -0.002492	 -0.001847	 -0.002034
 46.337799	 -0.002516	 -0.001884	 -0.002099
 46.384420	 -0.002500	 -0.001847	 -0.002040
 46.427405	 -0.002506	 -0.001838	 -0.002066
 46.471084	 -0.002550	 -0.001886	 -0.002065
 46.514410	 -0.002562	 -0.001865	 -0.002064
 46.557533	 -0.002525	 -0.001875	 -0.002089
 46.600894	 -0.002511	 -0.001847	 -0.002068
 46.644517	 -0.002483	 -0.001851	 -0.002082
 46.688155	 -0.002545	 -0.001837	 -0.002051
 46.731537	 -0.002536	 -0.001868	 -0.002043
 46.775098	 -0.002522	 -0.001895	 -0.002108
 46.818531	 -0.002558	 -0.001880	 -0.002125
 46.861907	 -0.002488	 -0.001874	 -0.002066
 46.905407	 -0.002479	 -0.001856	 -0.002081
 46.948906	 -0.002544	 -0.001859	 -0.002081
 46.992017	 -0.002560	 -0.001866	 -0.002041
 47.035531	 -0.002545	 -0.001864	 -0.002036
 47.078995	 -0.002491	 -0.001872	 -0.002076
 47.122461	 -0.002520	 -0.001891	 -0.002072
 47.165802	 -0.002554	 -0.001874	 -0.002072
 47.208897	 -0.002533	 -0.001853	 -0.002014
 47.252147	 -0.002510	 -0.001887	 -0.002100
 47.295744	 -0.002517	 -0.001871	 -0.002072
 47.340103	 -0.002539	 -0.001885	 -0.002062
 47.383893	 -0.002523	 -0.001872	 -0.002056
 47.427325	 -0.002496	 -0.001879	 -0.002076
 47.470926	 -0.002552	 -0.001868	 -0.002045
 47.514269	 -0.002527	 -0.001893	 -0.002080
 47.557723	 -0.002502	 -0.001872	 -0.002084
 47.601105	 -0.002541	 -0.001850	 -0.002075
 47.644510	 -0.002485	 -0.001859	 -0.002070
 47.687760	 -0.002492	 -0.001875	 -0.002067
 47.730866	 -0.002565	 -0.001888	 -0.002088
 47.774412	 -0.002495	 -0.001870	 -0.002059
 47.817629	 -0.002509	 -0.001850	 -0.002092
 47.861182	 -0.002495	 -0.001888	 -0.002089
 47.904657	 -0.002550	 -0.001858	 -0.002065
 47.947995	 -0.002532	 -0.001876	 -0.002055
 47.991191	 -0.002531	 -0.001879	 -0.002028
 48.034931	 -0.002507	 -0.001864	 -0.002070
 48.078373	 -0.002507	 -0.001860	 -0.002062
 48.121869	 -0.002512	 -0.001882	 -0.002076
 48.165553	 -0.002528	 -0.001874	 -0.002072
 48.208757	 -0.002653	 -0.001951	 -0.002109
 48.252991	 -0.002563	 -0.001871	 -0.002047
 48.296096	 -0.002533	 -0.001890	 -0.002098
 48.340109	 -0.002562	 -0.001884	 -0.002150
 48.383427	 -0.002536	 -0.001909	 -0.002083
 48.427237	 -0.002504	 -0.001877	 -0.002062
 48.470777	 -0.002543	 -0.001863	 -0.002080
 48.514107	 -0.002521	 -0.001900	 -0.002039
 48.557858	 -0.002510	 -0.001871	 -0.002059
 48.601613	 -0.002520	 -0.001874	 -0.002065
 48.645216	 -0.002510	 -0.001849	 -0.002060
 48.688918	 -0.002525	 -0.001871	 -0.002088
 48.732108	 -0.002552	 -0.001869	 -0.002065
 48.775602	 -0.002553	 -0.001868	 -0.002047
 48.819088	 -0.002547	 -0.001938	 -0.002117
 48.863177	 -0.002541	 -0.001896	 -0.002064
 48.906842	 -0.002526	 -0.001858	 -0.002065
 48.950456	 -0.002516	 -0.001874	 -0.002094
 48.994079	 -0.002478	 -0.001880	 -0.002077
 49.037852	 -0.002541	 -0.001875	 -0.002070
 49.081666	 -0.002527	 -0.001869	 -0.002064
 49.124979	 -0.002534	 -0.001876	 -0.002033
 49.169582	 -0.002558	 -0.001880	 -0.002077
 49.213096	 -0.002534	 -0.001855	 -0.002038
 49.256619	 -0.002465	 -0.001821	 -0.002054
 49.299943	 -0.002476	 -0.001803	 -0.002043
 49.343467	 -0.002522	 -0.001917	 -0.002078
 49.387218	 -0.002557	 -0.001879	 -0.002096
 49.430784	 -0.002543	 -0.001879	 -0.002039
 49.474314	 -0.002515	 -0.001831	 -0.002081
 49.518061	 -0.002528	 -0.001879	 -0.002129
 49.561461	 -0.002502	 -0.001868	 -0.002066
 49.604818	 -0.002528	 -0.001879	 -0.002088
 49.648206	 -0.002547	 -0.001880	 -0.002077
 49.691771	 -0.002526	 -0.001872	 -0.002052
 49.735082	 -0.002518	 -0.001907	 -0.002073
 49.778695	 -0.002495	 -0.001898	 -0.002080
 49.821883	 -0.002536	 -0.001888	 -0.002080
 49.864933	 -0.002542	 -0.001879	 -0.002078
 49.908697	 -0.002532	 -0.001885	 -0.002084
 49.952107	 -0.002502	 -0.001844	 -0.002061
 49.995538	 -0.002518	 -0.001885	 -0.002099
 50.038925	 -0.002507	 -0.001911	 -0.002084
 50.082226	 -0.002537	 -0.001863	 -0.002065
 50.125587	 -0.002538	 -0.001864	 -0.002052
 50.168820	 -0.002518	 -0.001851	 -0.002089
 50.212179	 -0.002507	 -0.001860	 -0.002064
 50.255324	 -0.002518	 -0.001871	 -0.002075
 50.298556	 -0.002526	 -0.001876	 -0.002065
 50.341917	 -0.002575	 -0.001969	 -0.002087
 50.385280	 -0.002607	 -0.001887	 -0.002084
 50.428647	 -0.002528	 -0.001874	 -0.002097
 50.471805	 -0.002506	 -0.001892	 -0.002054
 50.515032	 -0.002566	 -0.001895	 -0.002071
 50.558479	 -0.002511	 -0.001853	 -0.002051
 50.602082	 -0.002534	 -0.001895	 -0.002067
 50.645530	 -0.002465	 -0.001875	 -0.002067
 50.688434	 -0.002550	 -0.001844	 -0.002051
 50.731779	 -0.002513	 -0.001879	 -0.002076
 50.775075	 -0.002538	 -0.001850	 -0.002068
 50.819368	 -0.002536	 -0.001874	 -0.002115
 50.862470	 -0.002501	 -0.001897	 -0.002075
 50.905792	 -0.002485	 -0.001856	 -0.002082
 50.949432	 -0.002566	 -0.001853	 -0.002089
 50.992678	 -0.002542	 -0.001895	 -0.002083
 51.035798	 -0.002578	 -0.001856	 -0.002055
 51.079386	 -0.002491	 -0.001859	 -0.002086
 51.122774	 -0.002528	 -0.001890	 -0.002084
 51.166171	 -0.002515	 -0.001861	 -0.002047
 51.209296	 -0.002555	 -0.001871	 -0.002045
 51.252495	 -0.002527	 -0.001853	 -0.002051
 51.296532	 -0.002534	 -0.001871	 -0.002099
 51.340106	 -0.002581	 -0.001907	 -0.002115
 51.383297	 -0.002505	 -0.001863	 -0.002080
 51.426390	 -0.002557	 -0.001842	 -0.002065
 51.470128	 -0.002578	 -0.001871	 -0.002076
 51.513517	 -0.002538	 -0.001940	 -0.002089
 51.557101	 -0.002579	 -0.001875	 -0.002051
 51.600251	 -0.002539	 -0.001838	 -0.002094
 51.643301	 -0.002538	 -0.001855	 -0.002056
 51.686529	 -0.002564	 -0.001882	 -0.002054
 51.730118	 -0.002532	 -0.001893	 -0.002066
 51.772882	 -0.002513	 -0.001874	 -0.002066
 51.816653	 -0.002507	 -0.001890	 -0.002102
 51.859561	 -0.002538	 -0.001849	 -0.002066
 51.903238	 -0.002549	 -0.001848	 -0.002049
 51.946738	 -0.002517	 -0.001861	 -0.002070
 51.990746	 -0.002517	 -0.001892	 -0.002052
 52.034329	 -0.002494	 -0.001842	 -0.002088
 52.077266	 -0.002527	 -0.001885	 -0.002057
 52.120414	 -0.002548	 -0.001896	 -0.002044
 52.163766	 -0.002545	 -0.001848	 -0.002077
 52.207200	 -0.002486	 -0.001851	 -0.002052
 52.250143	 -0.002490	 -0.001829	 -0.002036
 52.293515	 -0.002511	 -0.001803	 -0.002025
 52.336738	 -0.002562	 -0.001871	 -0.002108
 52.380411	 -0.002534	 -0.001912	 -0.002076
 52.423450	 -0.002568	 -0.001885	 -0.002059
 52.466780	 -0.002536	 -0.001872	 -0.002109
 52.509904	 -0.002525	 -0.001855	 -0.002083
 52.554947	 -0.002499	 -0.001856	 -0.002041
 52.598643	 -0.002516	 -0.001848	 -0.002061
 52.642390	 -0.002557	 -0.001886	 -0.002045
 52.685838	 -0.002559	 -0.001877	 -0.002084
 52.729509	 -0.002506	 -0.001891	 -0.002092
 52.773027	 -0.002497	 -0.001855	 -0.002077
 52.816256	 -0.002494	 -0.001869	 -0.002059
 52.859576	 -0.002510	 -0.001861	 -0.002049
 52.903189	 -0.002543	 -0.001890	 -0.002105
 52.946854	 -0.002496	 -0.001882	 -0.002094
 52.990122	 -0.002526	 -0.001866	 -0.002082
 53.033625	 -0.002495	 -0.001863	 -0.002045
 53.076988	 -0.002495	 -0.001845	 -0.002036
 53.120498	 -0.002539	 -0.001893	 -0.002056
 53.163799	 -0.002541	 -0.001890	 -0.002081
 53.207695	 -0.002525	 -0.001898	 -0.002098
 53.251118	 -0.002536	 -0.001880	 -0.002071
 53.294597	 -0.002472	 -0.001848	 -0.002067
 53.338217	 -0.002531	 -0.001866	 -0.002091
 53.381628	 -0.002553	 -0.001885	 -0.002047
 53.424839	 -0.002532	 -0.001864	 -0.002073
 53.469361	 -0.002529	 -0.001872	 -0.002081
 53.512231	 -0.002496	 -0.001887	 -0.002086
 53.555739	 -0.002505	 -0.001886	 -0.002091
 53.598719	 -0.002516	 -0.001868	 -0.002092
 53.641981	 -0.002526	 -0.001868	 -0.002068
 53.685228	 -0.002528	 -0.001875	 -0.002099
 53.728623	 -0.002497	 -0.001886	 -0.002092
 53.771469	 -0.002525	 -0.001861	 -0.002062
 53.814866	 -0.002543	 -0.001879	 -0.002105
 53.858002	 -0.002538	 -0.001884	 -0.002082
 53.901698	 -0.002486	 -0.001871	 -0.002097
 53.945226	 -0.002494	 -0.001890	 -0.002084
 53.988332	 -0.002550	 -0.001870	 -0.002052
 54.032618	 -0.002536	 -0.001869	 -0.002068
 54.075596	 -0.002553	 -0.001879	 -0.002075
 54.118721	 -0.002529	 -0.001898	 -0.002082
 54.162098	 -0.002521	 -0.001877	 -0.002094
 54.205546	 -0.002545	 -0.001847	 -0.002062
 54.248460	 -0.002543	 -0.001875	 -0.002064
 54.291815	 -0.002525	 -0.001855	 -0.002065
 54.335267	 -0.002510	 -0.001957	 -0.002091
 54.378643	 -0.002478	 -0.001888	 -0.002110
 54.421817	 -0.002528	 -0.001879	 -0.002057
 54.465207	 -0.002552	 -0.001890	 -0.002070
 54.508694	 -0.002534	 -0.001872	 -0.002077
 54.552212	 -0.002516	 -0.001874	 -0.002054
 54.595785	 -0.002486	 -0.001885	 -0.002078
 54.638897	 -0.002496	 -0.001864	 -0.002102
 54.682439	 -0.002533	 -0.001866	 -0.002041
 54.726059	 -0.002537	 -0.001875	 -0.002047
 54.769583	 -0.002529	 -0.001863	 -0.002059
 54.813058	 -0.002507	 -0.001874	 -0.002109
 54.857006	 -0.002507	 -0.001901	 -0.002105
 54.900576	 -0.002527	 -0.001860	 -0.002126
 54.944203	 -0.002511	 -0.001875	 -0.002067
 54.987675	 -0.002552	 -0.001876	 -0.002084
 55.031199	 -0.002505	 -0.001859	 -0.002089
 55.074447	 -0.002504	 -0.001879	 -0.002087
 55.117797	 -0.002481	 -0.001891	 -0.002088
 55.161451	 -0.002512	 -0.001847	 -0.002071
 55.204921	 -0.002517	 -0.001835	 -0.002020
 55.248075	 -0.002481	 -0.001876	 -0.002046
 55.291693	 -0.002491	 -0.001832	 -0.002050
 55.335043	 -0.002486	 -0.001876	 -0.002187
 55.378368	 -0.002497	 -0.001879	 -0.002105
 55.421311	 -0.002533	 -0.001887	 -0.002049
 55.465109	 -0.002573	 -0.001886	 -0.002050
 55.508313	 -0.002499	 -0.001849	 -0.002044
 55.551931	 -0.002501	 -0.001879	 -0.002064
 55.595559	 -0.002485	 -0.001879	 -0.002104
 55.638805	 -0.002502	 -0.001854	 -0.002056
 55.682158	 -0.002529	 -0.001860	 -0.002091
 55.725782	 -0.002525	 -0.001869	 -0.002045
 55.769406	 -0.002511	 -0.001872	 -0.002072
 55.812653	 -0.002504	 -0.001887	 -0.002126
 55.856205	 -0.002523	 -0.001971	 -0.002088
 55.899058	 -0.002550	 -0.001847	 -0.002057
 55.942273	 -0.002504	 -0.001868	 -0.002080
 55.985930	 -0.002536	 -0.001884	 -0.002099
 56.029316	 -0.002515	 -0.001886	 -0.002078
 56.072776	 -0.002495	 -0.001859	 -0.002076
 56.116436	 -0.002515	 -0.001856	 -0.002051
 56.159789	 -0.002517	 -0.001872	 -0.002086
 56.203165	 -0.002549	 -0.001881	 -0.002089
 56.246791	 -0.002490	 -0.001898	 -0.002057
 56.290099	 -0.002513	 -0.001872	 -0.002076
 56.333379	 -0.002516	 -0.001927	 -0.002080
 56.377059	 -0.002522	 -0.001872	 -0.002068
 56.420534	 -0.002621	 -0.001885	 -0.002081
 56.463642	 -0.002537	 -0.001914	 -0.002059
 56.507666	 -0.002502	 -0.001868	 -0.002096
 56.551293	 -0.002502	 -0.001858	 -0.002119
 56.594286	 -0.002518	 -0.001872	 -0.002068
 56.637785	 -0.002527	 -0.001874	 -0.002096
 56.680885	 -0.002539	 -0.001875	 -0.002067
 56.724252	 -0.002513	 -0.001888	 -0.002076
 56.767703	 -0.002511	 -0.001922	 -0.002073
 56.812031	 -0.002494	 -0.001880	 -0.002129
 56.855635	 -0.002520	 -0.001869	 -0.002070
 56.898947	 -0.002522	 -0.001855	 -0.002062
 56.942272	 -0.002528	 -0.001888	 -0.002047
 56.985648	 -0.002527	 -0.001885	 -0.002065
 57.028762	 -0.002532	 -0.001869	 -0.002082
 57.072145	 -0.002523	 -0.001859	 -0.002064
 57.115374	 -0.002491	 -0.001843	 -0.002055
 57.158871	 -0.002517	 -0.001863	 -0.002107
 57.202519	 -0.002521	 -0.001866	 -0.002068
 57.245931	 -0.002497	 -0.001855	 -0.002083
 57.288870	 -0.002513	 -0.001848	 -0.002068
 57.332235	 -0.002532	 -0.001914	 -0.002088
 57.376719	 -0.002532	 -0.001845	 -0.002064
 57.419989	 -0.002544	 -0.001859	 -0.002054
 57.463453	 -0.002495	 -0.001891	 -0.002070
 57.506761	 -0.002491	 -0.001888	 -0.002065
 57.550120	 -0.002507	 -0.001863	 -0.002081
 57.594298	 -0.002505	 -0.001855	 -0.002060
 57.637362	 -0.002552	 -0.001875	 -0.002073
 57.680598	 -0.002515	 -0.001854	 -0.002093
 57.723597	 -0.002510	 -0.001871	 -0.002065
 57.766994	 -0.002532	 -0.001855	 -0.002043
 57.810374	 -0.002534	 -0.001877	 -0.002100
 57.854393	 -0.002539	 -0.001895	 -0.002062
 57.897595	 -0.002544	 -0.001891	 -0.002071
 57.941094	 -0.002501	 -0.001863	 -0.002092
 57.984680	 -0.002510	 -0.001895	 -0.002059
 58.027967	 -0.002505	 -0.001887	 -0.002088
 58.071552	 -0.002570	 -0.001919	 -0.002068
 58.114354	 -0.002534	 -0.001904	 -0.002081
 58.157772	 -0.002506	 -0.001877	 -0.002067
 58.200851	 -0.002478	 -0.001861	 -0.002057
 58.244382	 -0.002467	 -0.001831	 -0.002028
 58.287464	 -0.002495	 -0.001840	 -0.002036
 58.330855	 -0.002505	 -0.001890	 -0.002098
 58.374345	 -0.002528	 -0.001880	 -0.002050
 58.417730	 -0.002527	 -0.001922	 -0.002068
 58.461285	 -0.002507	 -0.001895	 -0.002061
 58.504844	 -0.002541	 -0.001869	 -0.002065
 58.548605	 -0.002515	 -0.001859	 -0.002067
 58.591991	 -0.002552	 -0.001882	 -0.002043
 58.635549	 -0.002496	 -0.001851	 -0.002086
 58.678820	 -0.002489	 -0.001875	 -0.002099
 58.722340	 -0.002529	 -0.001880	 -0.002073
 58.765356	 -0.002537	 -0.001847	 -0.002047
 58.808732	 -0.002515	 -0.001888	 -0.002076
 58.852317	 -0.002533	 -0.001868	 -0.002065
 58.895351	 -0.002464	 -0.001835	 -0.002046
 58.938726	 -0.002499	 -0.001886	 -0.002070
 58.981892	 -0.002523	 -0.001892	 -0.002078
 59.025316	 -0.002531	 -0.001842	 -0.002059
 59.069573	 -0.002547	 -0.001893	 -0.002066
 59.113198	 -0.002499	 -0.001871	 -0.002066
 59.156570	 -0.002489	 -0.001870	 -0.002077
 59.200839	 -0.002512	 -0.001879	 -0.002071
 59.244356	 -0.002511	 -0.001866	 -0.002078
 59.287344	 -0.002548	 -0.001853	 -0.002043
 59.330441	 -0.002518	 -0.001897	 -0.002065
 59.373882	 -0.002481	 -0.001877	 -0.002061
 59.416843	 -0.002500	 -0.001854	 -0.002068
 59.460215	 -0.002547	 -0.001875	 -0.002081
 59.504710	 -0.002536	 -0.001871	 -0.002070
 59.547866	 -0.002520	 -0.001870	 -0.002054
 59.591054	 -0.002533	 -0.001859	 -0.002018
 59.634848	 -0.002509	 -0.001859	 -0.002059
 59.678077	 -0.002485	 -0.001856	 -0.002071
 59.721320	 -0.002562	 -0.001870	 -0.002044
 59.765070	 -0.002491	 -0.001888	 -0.002064
 59.808326	 -0.002547	 -0.001861	 -0.002077
 59.851800	 -0.002511	 -0.001845	 -0.002052
 59.895572	 -0.002472	 -0.001900	 -0.002077
 59.938698	 -0.002523	 -0.001849	 -0.002049
 59.981912	 -0.002521	 -0.001876	 -0.002027
 60.024922	 -0.002539	 -0.001876	 -0.002041
