-4.764930103164029089e-03
-2.336925607000009397e-02
-1.549153848000001110e-02
-2.843483835000008494e-02
-4.713146564100006985e-02
-3.052070734200001273e-02
-1.856238439999977063e-03
1.701795421000000530e-02
1.692022752499999783e-02
5.137092064999998486e-02
4.819990014999997463e-02
8.267259620000000364e-02
5.555326535000004728e-02
4.399738079999998552e-02
3.155345045000002013e-02
1.756524230000000575e-02
3.937463704999999425e-02
3.601650094999997442e-02
4.294343290000002256e-02
2.486672339999995707e-02
7.812197445000002016e-02
1.124966850000008733e-02
1.453116810000010251e-02
9.330649619999997757e-02
8.420212695000006686e-02
3.362778862000004310e-02
3.388317278499974883e-02
2.545601865500013439e-02
4.821763105000043126e-03
1.363499513500010529e-02
1.591606701500025700e-02
-4.001753659999884860e-03
-3.588431588999996258e-02
-6.177236110000006164e-02
-6.501221680000002223e-02
-7.239941409999994804e-02
-3.470464795000016700e-02
-2.811521749999990050e-03
4.211472699999774250e-03
1.399470970000005199e-02
2.560204190000003877e-02
1.517132150000000124e-02
-1.038310929999997079e-02
-1.877309222500000985e-02
-1.844991009999996656e-02
-7.913090249999976677e-03
1.316582129999999129e-02
2.353279180000000803e-02
1.863554400000000388e-02
2.911698485000002723e-02
2.039910875000000567e-02
1.466027265000002799e-02
2.148957100000015163e-03
-1.406871529999997872e-02
-3.255869623999993467e-02
-3.045641957300007294e-02
-3.175717205999999820e-02
-2.729667500999997248e-02
-1.410503003999994537e-02
-4.609887279999960730e-03
2.893215519999940005e-03
3.946424569999985171e-03
-4.482835790000007370e-03
-1.289297361999999780e-02
-2.389583820000006076e-02
-3.648843459999995265e-02
-4.414388859999995862e-02
-4.869290440000004216e-02
-4.285119699999996590e-02
-3.608457552000002289e-02
-1.948237420900000502e-02
-8.510907049999891227e-03
8.146295799999980769e-03
1.197939160000002778e-02
1.788611779999998985e-02
1.231784390000001395e-02
4.857864799999944694e-03
-2.235661349999973346e-03
-1.411705095000004295e-02
-1.313066805000007164e-02
-8.355990099999932585e-03
-2.014242749999950455e-03
1.497879255000000853e-02
3.173565454999993651e-02
4.477000334999992059e-02
5.053945290000005919e-02
5.128847680000003795e-02
2.939956249999997606e-02
3.228747430000011853e-02
4.734371675000015323e-03
-1.108472038999996911e-02
-1.357755064999999206e-02
-2.146259689999996390e-02
-2.244490719999991946e-02
-2.405350314999998851e-02
-2.037188239999987438e-02
-2.932907550000019015e-02
-3.907273350000006751e-02
-5.118572399999998801e-02
-6.209245279999997535e-02
-6.353352224999997411e-02
-6.478591754999984964e-02
-4.769923460000002891e-02
-3.122624730000023163e-02
-2.461750559999997812e-02
-1.717897236499998925e-02
-1.637129390000002793e-02
-1.820919785000008062e-02
-2.700290740000010903e-02
-3.941437649999990356e-02
-3.096136050000009021e-02
-3.295854644999995919e-02
7.319430399999937720e-03
4.427343099999925258e-03
5.066885550000010952e-03
5.387512664499999326e-02
6.369464175000000283e-02
2.223984854999999650e-02
2.103157849999981455e-03
-5.077425529999998743e-02
-7.769194620000000051e-02
-5.777295180000004138e-02
-1.463129971999996282e-02
1.682612830999992426e-02
2.528846935000003682e-02
4.194533661000007102e-02
3.824723347899999792e-02
2.232994469000004756e-02
5.470519699999926155e-03
-1.908638854999997192e-02
-2.054740550000017096e-03
-1.758154434999995019e-02
8.366916100000038048e-03
2.706434880000001264e-02
1.447528646000001418e-02
4.481477580999999183e-03
9.398328200000069521e-04
-3.085099409000002790e-02
-3.897201967000000350e-02
-4.388472199999997325e-02
-4.154996244999994981e-02
-3.200726259999997492e-02
-1.476465899999990228e-02
2.940947500000012926e-03
1.979220030000000685e-02
2.328189430000005000e-02
3.452586464999995997e-02
3.590227204999996147e-02
5.227161510000011280e-02
5.329808970000005086e-02
1.534714704500006466e-02
2.247112415000007690e-02
4.862607619999992359e-02
6.766943384999990485e-02
9.368794899999999259e-02
8.942384894999999556e-02
8.335165370000008345e-02
9.895168904999995796e-02
9.684356969999985409e-02
9.411828101500008259e-02
1.076684086399999352e-01
1.187922832499999082e-01
1.260751138500000312e-01
1.313991985000000362e-01
1.324489730500000295e-01
1.233468357500000501e-01
1.065628155500000229e-01
8.905504765000005207e-02
7.282113475000007163e-02
6.053734975000002461e-02
6.154913939999995254e-02
6.402498535000000768e-02
6.978280110000001368e-02
7.609461179999998937e-02
7.535764085000007384e-02
7.259707704999995848e-02
5.708604400000005796e-02
4.277777817500005852e-02
3.221306607999996352e-02
2.491689308500000255e-02
1.145134847000001121e-02
4.937286709999988421e-03
1.223321711000002754e-02
1.036246220950004515e-02
9.479600181500014155e-03
9.768116650000019385e-03
6.135801555000014451e-03
-1.581115659999993150e-04
-2.989991154999999817e-03
-1.206740767699999994e-02
-1.440115341249999584e-02
-9.798866963999994240e-03
-1.081922195550000243e-02
-4.334250201999997887e-03
-3.378445476000010994e-03
-3.910396017500011867e-03
-2.688788545000000973e-03
-7.609571579999988011e-03
-1.089936743000000097e-02
-5.372180480000002256e-03
-1.042301469999999675e-03
2.011690078999998389e-03
1.179119231999999767e-02
7.185741979999993312e-03
1.691082124999998548e-02
1.948774437500003232e-02
9.055574669999982840e-03
1.387581379999996978e-02
2.413629214999996053e-02
2.705978920000001731e-02
3.673853750000000140e-02
4.463350735000004565e-02
5.824701474999993689e-02
6.168938889999997510e-02
7.277836859999997632e-02
6.705337700000002510e-02
6.299508815000010031e-02
6.262941425000001505e-02
5.835010185000011340e-02
5.764482670000004028e-02
6.841765619999995440e-02
1.029726168500000316e-01
1.212435014499999575e-01
1.322690985500001304e-01
1.333797617500001031e-01
1.347766289000000839e-01
1.241924077999998488e-01
1.189237243000000888e-01
1.138807615000001494e-01
1.178126773550001172e-01
1.219033807699998473e-01
1.307256176500001255e-01
1.458177384999999049e-01
1.513464608999999239e-01
1.451140058500000052e-01
1.429317727500001300e-01
1.160027421499999489e-01
9.389461080000005566e-02
7.972685239999988127e-02
7.560844069999994588e-02
6.400179610500000837e-02
6.597794179999993958e-02
5.510111910000003999e-02
5.053563790000015210e-02
3.178084729999997027e-02
2.105060025000005108e-02
5.248815150000030183e-03
-9.693474000000035229e-03
-1.259250759999999691e-02
-1.349684930000000227e-02
2.223297350000041916e-03
2.007586614000003711e-02
2.930931548999998748e-02
3.811485076999999305e-02
4.093828601799998773e-02
3.382277471999999008e-02
3.563715745000001212e-02
2.383963784150000542e-02
2.400717260000004294e-02
3.077180754999997436e-02
3.768435069999996612e-02
5.322091707000000532e-02
5.325098172000000685e-02
5.982015009900003288e-02
4.332527745000001873e-02
3.828980697999991023e-02
3.385959534000006210e-02
3.374823865000001200e-02
4.258895225999997924e-02
6.123258440000001190e-02
8.014802830000000711e-02
1.032235611500000316e-01
1.197184453499999801e-01
1.306369704999999493e-01
1.310850627499999810e-01
1.297819809999999352e-01
1.259196963900000577e-01
1.109397069000001013e-01
1.214726163499999512e-01
1.267906394499999090e-01
1.226514746500000363e-01
1.161354928000000175e-01
1.291121517000000107e-01
1.138905573999999810e-01
8.797992500000006988e-02
4.698747276500014891e-02
4.229358483200007512e-02
3.141072002500000515e-02
2.910481651999985431e-02
4.159002790999988264e-02
5.695594804999992711e-02
5.823284445000020959e-02
5.252296279999990603e-02
5.190978020000014403e-02
3.716358404999997589e-02
2.545662915000002080e-02
1.048489849999989509e-02
1.043276950000004977e-02
1.343809599999912230e-03
1.249933089999999414e-02
2.853945764999987755e-02
3.163070010000001986e-02
3.401581730000002857e-02
3.536365294999999076e-02
2.647112725000000388e-02
1.541118675000008320e-02
-1.116672480000008294e-02
-1.095120830000007039e-02
-1.442556215000001529e-02
-1.191413804999999493e-02
-9.560241600000046747e-03
1.502528549999992968e-03
2.116438250000018950e-03
-2.097434500000022739e-03
3.111038899999973850e-03
-3.580060270000046119e-03
-8.776286140000030128e-03
-1.716818004000000147e-02
-2.622150296999996300e-02
-3.317467305000000588e-02
-3.590649205000001620e-02
-2.589992485000001954e-02
-1.953405855999998386e-02
-5.803995610000042826e-03
-2.891088827399956700e-03
2.204566769999985465e-03
-1.306816049999957874e-03
-7.129598679999973876e-03
-2.223672593999999336e-02
-2.012637211000001258e-02
-2.981318779999997393e-02
-2.838887500000000785e-02
-1.810244255000001412e-02
-5.185357599999995681e-03
8.562411699999994408e-03
1.687844510000002796e-02
2.994207975000007238e-02
2.962773820000008662e-02
2.789870694999996292e-02
2.239377544999998637e-02
1.552395605000000955e-02
1.058136404999998614e-02
3.931568599999879510e-03
1.204224300000000802e-02
1.533626905000007312e-02
2.510485828499997574e-02
3.370608704999988881e-02
4.725989985000000893e-02
5.128404424999999378e-02
5.518005034999995395e-02
4.915371810000013220e-02
5.395825975000012598e-02
4.550402009999987563e-02
4.727098700000009757e-02
7.943963744999993359e-02
9.580567820000007728e-02
9.398738839999998262e-02
1.015942680499999362e-01
8.694783994500010493e-02
7.549344494999998822e-02
7.089849365000011616e-02
7.203309550000003281e-02
7.229622755000020273e-02
7.739880990000014283e-02
8.260768370000004523e-02
7.853696825000000548e-02
6.251328980000003810e-02
3.908241899999997937e-02
-1.556702184999997352e-02
-2.505990364999999276e-02
-4.599718770000002510e-02
-9.175139599999965201e-03
-5.789611300000024885e-03
-3.984360384999996452e-03
-1.794698773000000247e-02
-2.419103376700000585e-02
-3.338490926000000497e-02
-4.116634618999998052e-02
-3.859744149999999596e-02
-3.381909532999999302e-02
-2.479948048999992827e-02
-2.003780451999990359e-02
-1.024049592000000550e-02
-7.163081891999910529e-03
-1.425402688000003935e-02
-2.483897448600003166e-02
-3.283378935500001067e-02
-3.967827071500003300e-02
-4.525416834999997778e-02
-4.539124185999993122e-02
-4.035300525000004579e-02
-2.851437924999999929e-02
-2.009041295000002503e-02
-1.764901455000000841e-02
-2.459091050000028478e-03
-9.272923874999894345e-03
-8.577785649999891682e-03
-2.881927949999973926e-03
5.989899999999659386e-04
9.384462600000031962e-03
1.573280960000000839e-02
3.805697875000002561e-02
4.749157434999995431e-02
4.196935090000009083e-02
4.045643514999996970e-02
4.248525119999979616e-02
4.927706949999977049e-02
6.179913845000006845e-02
7.330622802000008598e-02
8.478649609499999684e-02
9.026163370999995550e-02
9.577085090549974922e-02
9.670032928999994226e-02
9.567083085000005482e-02
8.310852824999992450e-02
6.889307354999996136e-02
5.923552280000021764e-02
5.341489944999999739e-02
5.963339625000008137e-02
6.599527509999991715e-02
7.915303589999989065e-02
8.393843459999994483e-02
9.333243059999996039e-02
9.217032119999990503e-02
8.194036760000000807e-02
6.989787909999989335e-02
5.252686765000003088e-02
3.347995100000000779e-02
2.640915535000004644e-02
2.147330364999999741e-02
2.054237679999998401e-02
2.928127709999989170e-02
3.900229880000005700e-02
4.808597299999994856e-02
5.123418410000002421e-02
5.090497809999994239e-02
4.167831970000004937e-02
1.576622089000007457e-02
3.630077329999929076e-03
-1.003328117000000519e-02
-9.635221579999991848e-03
9.518210610000014948e-03
1.897594591000000344e-02
2.845797360199997517e-02
2.760154229000002374e-02
2.071915961000004094e-02
7.066042639999995517e-03
2.160062950000006532e-03
-7.716536480000008025e-03
-6.345309239999957773e-03
-4.024018499999976184e-03
4.207540850000024424e-03
1.208746674999999771e-02
1.619358915000002064e-02
1.802427658650002096e-02
1.925707660000003374e-02
8.121231699999953424e-03
6.266203899999989169e-03
7.400290949999943635e-03
7.319346900000023304e-03
1.178062234999988078e-02
1.843434944999999825e-02
2.336645750000010402e-02
3.216406620000000771e-02
2.366175134999992657e-02
1.854307309000002846e-02
1.852465628500010730e-02
5.895874640000187128e-03
5.828908250000042202e-03
4.693435400000112168e-03
3.100968450000074483e-03
5.667348849999864768e-03
1.559090005000007828e-02
2.284356540000009872e-02
3.200709892499986609e-02
3.297192214999999926e-02
3.203640130000007247e-02
2.392375799300006101e-02
1.758152744000018863e-02
1.939926121500012979e-02
1.596488784999994248e-02
2.006665969999998911e-02
1.843132140000003361e-02
3.520278514999997110e-02
3.534453314999996820e-02
3.499776960000000603e-02
3.063991119999998070e-02
3.016541930000005145e-02
2.314898915000007662e-02
1.451011801000001711e-02
1.936612250000002700e-02
2.273093870000003625e-02
2.367979450000001762e-02
4.152200490000002020e-02
4.252711579999995939e-02
4.208008219999997968e-02
3.734604409999997543e-02
1.572638890000002676e-02
-2.118873100000043252e-03
4.287667909999924587e-03
-1.275081572900006385e-02
-3.469894229999971602e-03
1.382936007999996733e-02
2.050908167000008164e-02
2.963912196000009769e-02
2.175514229999990501e-02
1.449994548000002603e-02
-1.712600040000011870e-03
-9.567920180000001606e-03
-9.398137060000012755e-03
-1.420031836999999936e-02
-1.493507324899998913e-02
-8.158881420000006768e-03
-7.535173489999991148e-03
-5.585691924999997005e-03
-6.573803699999991590e-03
-8.428206649999991917e-03
-1.575763730000001583e-02
-1.685203613500002584e-02
-1.799898064999999603e-02
-1.356437445000002739e-02
-7.936828099999959640e-03
7.554774449999968056e-03
1.065659339999991406e-02
1.308676310000012055e-02
9.019960049999942164e-03
3.627515499999955928e-03
-1.370257850000000666e-03
-3.594726149999893927e-03
-8.367780450000084080e-03
-7.815655549999966922e-03
1.101014065000005537e-02
1.735312210000006239e-02
3.266154656499997699e-02
3.115844869500006276e-02
3.055412351499997570e-02
2.293555047499995503e-02
1.631307165000017712e-02
4.048109950000045032e-03
-4.478253150000055527e-03
-7.000542199999904014e-03
-6.141314199999747814e-03
-3.050679550000046092e-03
7.155001500000146564e-03
1.694130744999999827e-02
2.068683144999994283e-02
2.438959145000008100e-02
1.611431529999995949e-02
1.416057124999992034e-02
1.294588549999975413e-03
-1.038089470000003178e-02
-1.924189129999998027e-02
-2.333098894999996453e-02
-2.407885075000004704e-02
-1.596560065000002249e-02
-1.553855874999998665e-02
-1.096314725000002710e-02
-7.297201150000043324e-03
-6.118045249999981561e-03
-5.590333649999945642e-03
-1.493238080000000578e-02
-2.776490029999995057e-02
-4.061084567000004808e-02
-4.669479566999999720e-02
-4.799780413000000884e-02
-4.705627780999996346e-02
-4.565393296000001822e-02
-3.985857084000001688e-02
-3.433663374300000709e-02
-2.898493628709996814e-02
-2.829654111799998623e-02
-3.418628234000001959e-02
-3.595341457999998158e-02
-4.250584981999999679e-02
-4.130671722999998408e-02
-3.369420179999998988e-02
-2.074928567999999307e-02
-1.480680025000000177e-02
-5.572400025499996135e-03
-6.679648419999989484e-03
-8.178794399999966824e-03
-3.161937899999966994e-03
-3.574487899999978513e-03
-3.890361600000002973e-03
1.431377345000001133e-02
2.138988694999999218e-02
4.235137310000003374e-02
5.439241249999993144e-02
6.456294470000001340e-02
7.308170039999994927e-02
6.495894790000011909e-02
5.488290805000006767e-02
4.721568220000005311e-02
4.842076820000007498e-02
5.091460204999997963e-02
5.540411019999991193e-02
6.932005299999988157e-02
7.670288694999993773e-02
8.252053565250005995e-02
6.685514316499974186e-02
5.279775530000008210e-02
4.617383490000004365e-02
2.513603114999996002e-02
2.309273369999997882e-02
1.770977490000014143e-02
2.027906984999994222e-02
2.247169400000004202e-02
2.145559794999996051e-02
1.989936449999996082e-02
2.068354704999997296e-02
4.874978849999989094e-03
-4.563879449999919125e-03
-6.784323591999985581e-03
-1.639530715000003802e-02
-1.403025374999999908e-02
-2.278251400000153026e-03
-1.129010064999991236e-02
-4.138453850000001211e-03
-1.077273829999997323e-02
-1.403235639999994566e-02
-1.182061265000000638e-02
-2.228423959999992210e-02
-3.561089679999995816e-02
-4.458135832000001408e-02
-3.138994300999992104e-02
-2.553806168999996073e-02
-2.875364770000002346e-02
-2.155270666000006635e-02
-2.696129375000000730e-02
-3.379782803100002397e-02
-3.786624138000001250e-02
-4.071580879000000208e-02
-4.818301595000000492e-02
-4.721989020999999009e-02
-4.234482045999998778e-02
-3.656030755000000410e-02
-2.640906930000000430e-02
-2.470588877999999045e-02
-2.388424171500000415e-02
-2.453954620000001197e-02
-2.314899119999999644e-02
-2.042985993000001610e-02
-1.523290442999997163e-02
-1.024033424000003745e-02
-6.824575590000048209e-03
5.777436665000024174e-03
1.381589100499996947e-02
1.825166905499997494e-02
2.304790377499998932e-02
2.472770395000001287e-02
2.034109527999994338e-02
1.768134271499999244e-02
1.985613630999993884e-02
2.105976247999996609e-02
3.172995584999993568e-02
3.971209929999997001e-02
4.460137504999994729e-02
5.575708639999998883e-02
6.000839634999999284e-02
6.160589590000009608e-02
5.795000864999999557e-02
4.656318610000020897e-02
4.380312979999989587e-02
3.791737720000010192e-02
4.681990354999987503e-02
5.050168585000003318e-02
5.543207605000000093e-02
5.949511075000013527e-02
5.979163555000011065e-02
5.943435629999993530e-02
5.029368275000012378e-02
4.284954390000006441e-02
3.389034024999992845e-02
2.931299644999996179e-02
2.440122095000007985e-02
2.666382810000000880e-02
2.398451464999995508e-02
3.103233255000004132e-02
2.562194919999993825e-02
2.104673339999996173e-02
1.549565079999992712e-02
1.024047254999999046e-02
-1.654322549999975855e-03
-3.911203600000023872e-03
-1.151722969499999194e-02
-7.987022325000009415e-03
-1.205837260000000577e-02
-9.306316949999976496e-03
-1.101488994999999527e-02
-1.970508680999996654e-02
-2.902263009999997423e-02
-3.827453031699996899e-02
-3.969131212999999631e-02
-4.160784600999996308e-02
-4.415655916999999819e-02
-3.520452558000005533e-02
-3.156162448999995374e-02
-1.821430048999996693e-02
-2.190777187000007842e-02
-2.635431649999998849e-02
-3.467496646999999876e-02
-4.580576505999996162e-02
-4.325590780000004854e-02
-4.246236280000001417e-02
-3.958783074999999707e-02
-2.391661770000003129e-02
-1.713881454999999221e-02
-1.102263055000002323e-02
2.905011950000035981e-03
1.824263499999978499e-03
2.546431359999989930e-03
-2.037484554999968722e-03
1.393144300000037639e-03
5.858857200000011645e-03
1.176615540000003346e-02
2.404637075000004565e-02
3.446941044999995984e-02
3.832950510000010524e-02
4.598986274999994350e-02
4.533479664999995329e-02
3.870779099999988038e-02
3.471371755000007830e-02
3.542721395000003604e-02
3.312757202499994058e-02
4.747128691999979999e-02
5.873297773500008034e-02
6.809173935000001343e-02
7.661065465000005403e-02
8.684934150000001019e-02
8.192883094999992011e-02
7.746630580000024580e-02
7.753929650000002116e-02
5.929084814999996400e-02
5.467175629999987407e-02
5.251318069999999505e-02
5.626753700000008962e-02
6.047621145000003917e-02
6.962570735000006561e-02
7.030708614999992001e-02
5.831885255000002211e-02
4.338154019999995725e-02
3.415906924999989602e-02
2.210961530000005171e-02
1.244337284999991189e-02
1.053047239999999052e-02
3.924854850000047968e-03
5.306204799999991728e-03
7.548294464999966147e-03
3.841124294999997968e-03
1.579504049999957971e-04
-9.699333725000008899e-03
-1.516211757500000173e-02
-2.203433162000000001e-02
-1.990336951100000681e-02
-2.250325719000000751e-02
-2.134897996000000020e-02
-2.281816570600000982e-02
-1.901673194600000255e-02
-1.810921526599998735e-02
-2.347760050000002527e-02
-2.760312049099998555e-02
-3.577859572200001864e-02
-3.980203428999996157e-02
-3.977724289000003632e-02
-3.674520588999999338e-02
-3.060489329999999120e-02
-1.937233550000005966e-02
-1.086039609999994715e-02
-8.829397750000078648e-03
-8.485766500000047063e-03
-6.282128100000061721e-03
-1.042986059999995163e-02
-1.892795394999990943e-02
-2.092803420000011183e-02
-2.733725489999994096e-02
-2.511827929999999043e-02
-1.766972965000002116e-02
-6.922697950000000766e-03
8.008114949999978194e-03
1.087687154999994465e-02
1.871846284449996123e-02
1.659534804499995797e-02
1.519143291000002449e-02
1.443468745000009434e-02
1.017973920000003751e-02
3.159542849999974479e-03
1.614000300000029142e-03
1.778845500000070246e-04
6.762296850000071302e-03
1.419280265000000263e-02
2.331317359999984795e-02
2.836431574999997984e-02
2.701010614999987958e-02
2.137704950000007820e-02
1.469965714999998951e-02
1.178464460000006042e-02
4.873601299999918979e-03
3.649436200000022446e-03
7.778779899999976877e-03
1.134640300000000490e-02
1.868961535000013274e-02
1.978700794999999069e-02
1.882097010000005621e-02
1.606172689999996184e-02
1.715774009999992966e-02
1.410166544999991167e-02
9.114314795000022507e-03
1.653001491000000156e-02
1.606201664999995504e-02
1.955813970000003232e-02
2.491896505000001927e-02
2.474453754999994537e-02
2.272143699999998323e-02
1.794854614999995268e-02
6.765632869999968491e-03
4.634703980000466628e-04
-4.522515909999972467e-03
1.580602000000021212e-03
7.024888960000051641e-03
1.583846416999997592e-02
2.479293228599992877e-02
2.396749639999994075e-02
2.165349442499994725e-02
5.953941149000057872e-03
-9.613675759999974757e-03
-1.531768984999997731e-02
-1.398669889999992755e-02
-1.838734930000016088e-03
8.284496400000007643e-03
1.810645694999996058e-02
1.667526819999998189e-02
1.631902395000001116e-02
1.105686359999996649e-02
4.937017650000041780e-03
-5.590631484999997181e-03
-5.994426050000001283e-03
-2.223675400000013624e-03
2.287128199999988176e-03
7.576344900000031579e-03
8.483480849999947004e-03
1.606500820000000829e-02
1.360107505000007766e-02
6.736539600000090999e-03
8.634783999998951742e-04
-6.285957000000008676e-03
-3.910235064999989518e-03
2.583736039999950940e-03
1.563601623999999468e-02
2.140955134500011070e-02
2.342490408499986465e-02
2.652372476000008916e-02
1.695069474999999493e-02
8.629019350000044497e-03
3.915207600000192301e-03
-4.391541500000206710e-03
-6.874257700000052651e-03
-2.440122000000100044e-03
-2.935052999999410162e-04
2.285905649999975253e-03
1.127640039999999733e-02
1.512360930000000714e-02
2.555798230000005944e-02
1.993635679999994359e-02
3.682390600000085001e-03
1.620606099999921668e-03
-8.816962100000047542e-03
-8.845727299999939230e-03
-1.416656234999996711e-02
-1.476350209999999219e-02
-7.139607054999996816e-03
-1.380700799999967643e-04
-5.988377835000058269e-03
-1.041571429000001658e-02
-1.619214747500000162e-02
-1.733743341499999202e-02
-2.148502345500000188e-02
-2.553707480549999298e-02
-2.115738256499999706e-02
-2.025730464999999508e-02
-2.088469680700000275e-02
-1.506591862599999596e-02
-1.658219905700000427e-02
-1.528217485999999736e-02
-1.958636073999999588e-02
-9.636699440000007222e-03
-9.575729674999991503e-03
-7.610712974999989111e-03
-5.722713441499993614e-03
-2.845686415000020508e-03
2.666576949999999169e-03
3.169496250000014559e-03
7.835468000000012090e-03
9.875075500000052298e-03
1.386161870000002239e-02
1.540151000000000714e-02
1.993239774999999714e-02
2.081088705000000427e-02
2.040974190000000021e-02
2.167596125000004204e-02
2.309789304999998460e-02
2.802535120000004820e-02
3.120207175000000444e-02
2.961153755000001109e-02
3.050273730000008232e-02
3.513501735000001958e-02
4.155128160000010062e-02
3.175900599999992302e-02
2.626194999999986734e-02
3.228322030000008169e-02
2.261565284999988990e-02
1.856222464999990329e-02
2.204928800000005573e-02
1.755931809999999871e-02
2.027419180000000765e-02
2.443281700000010659e-02
2.695774210000001503e-02
2.034353452499981785e-02
1.653719862500002691e-02
2.218175884999995517e-02
1.052453530000008186e-02
-2.141322849999904854e-03
-1.211807669999986903e-02
-9.071948450000033581e-03
-1.759950599999993148e-02
-1.019356839999996378e-02
-2.786454100000002043e-03
-2.052491149999946529e-03
6.418862699999916543e-03
6.880659750000073238e-03
1.692869200000002294e-03
-3.542955749999965320e-03
2.145079384999998284e-02
1.280263745000004283e-02
4.516689500000392599e-04
-3.166942499999714222e-04
-3.760673020000007694e-03
9.326607410000034570e-03
1.353621450000003917e-02
2.665376187000002839e-02
2.922818972000000223e-02
3.281474767499998474e-02
4.056771865000001476e-02
2.407972632500000876e-02
2.608548661500000032e-02
2.455597780999999036e-02
2.731765043000002058e-02
2.788245581999999195e-02
3.955055020999997256e-02
4.277955018000001441e-02
4.587446567999997615e-02
4.470541103999997601e-02
3.893174499999998983e-02
3.458874264999997616e-02
3.583662619999997134e-02
4.233093420000003104e-02
4.829584044999996051e-02
7.153880229999998175e-02
8.586431255000004370e-02
9.375675244999998048e-02
1.007283820500000093e-01
9.684752664999995986e-02
9.447670424999998762e-02
9.114908180000003135e-02
7.800465744999995898e-02
7.993054944999999911e-02
8.604590280000001812e-02
9.460813955000002551e-02
1.003962395499998772e-01
1.195768819500000468e-01
1.237169245499998294e-01
1.242103401550000985e-01
1.178049231904999550e-01
1.088860667550000105e-01
9.643731095000007691e-02
9.358425989999985539e-02
8.990533415000001582e-02
8.423333104999985999e-02
9.332106984999999355e-02
8.299790735000001085e-02
8.541430300000008025e-02
8.750400764999999303e-02
9.157128730000008154e-02
7.653407340000006887e-02
8.506422465000007538e-02
7.438581685000000832e-02
6.968519215000001932e-02
6.951349664999995071e-02
7.057517909999999617e-02
6.839182844999991406e-02
6.974757024999989063e-02
6.364444555000003945e-02
6.608649540000000044e-02
5.284420654999999467e-02
5.194987365000003354e-02
4.100875197999998001e-02
4.238621783000001697e-02
3.648267605000005132e-02
4.012449865000006222e-02
4.001058350000002983e-02
3.504891835000001343e-02
3.737935659999999660e-02
3.692409239999996928e-02
3.166149764999998117e-02
3.604207130000001980e-02
2.418700433999999150e-02
1.650492105999996212e-02
1.319734214000002626e-02
1.424811174999999694e-02
2.005874575999998244e-02
2.234263168000000244e-02
2.557185880400002220e-02
2.730756590000000747e-02
3.336446139999999644e-02
3.679383329000000813e-02
3.322919897999999927e-02
3.468603854999999236e-02
2.853101434999999464e-02
3.247248810000002983e-02
2.814888625000000477e-02
3.430583290499999993e-02
3.942590750999996896e-02
4.368991970000002389e-02
5.341691794999997578e-02
4.729955195000001833e-02
4.464587575000000808e-02
5.211591174999996579e-02
5.587842004999998835e-02
5.049374399999995155e-02
5.613305584999994657e-02
5.862220979999999138e-02
6.820035455000006408e-02
7.610918995000004461e-02
7.459910995000007539e-02
7.865338770000007695e-02
7.598646529999997234e-02
7.580869715000004838e-02
7.461429959999998918e-02
6.900775290000005224e-02
7.386875114499991124e-02
8.619159263500009160e-02
9.420265491499990596e-02
1.025659257000000046e-01
1.173514451999999597e-01
1.180156936000000822e-01
1.158213110000000379e-01
1.111887408999998605e-01
9.324633825000006038e-02
8.890598350000000760e-02
8.822713944999993618e-02
7.959956904999998528e-02
7.988081275000002979e-02
8.210128260000015832e-02
9.114082885000007739e-02
8.614699519999990951e-02
8.607644110000001181e-02
7.572237219999999880e-02
5.659656930000001029e-02
4.685466850000002959e-02
2.175767599999994806e-02
2.610991114999999807e-02
2.854428694999999738e-02
1.966815564999999100e-02
1.958962225000002166e-02
1.724992870000000011e-02
1.740422700000000822e-02
3.234856390000005744e-03
-5.561263234999998945e-03
-7.977215949999880151e-05
-1.053864952999999938e-02
-1.618800243000000083e-02
-1.224437401000000314e-02
-1.163247502999999877e-02
-1.523635146999998378e-02
-1.006152773699997387e-02
-1.870013314460002365e-02
-2.283597557499998307e-02
-2.982402135999999426e-02
-2.255987847999996188e-02
-5.687432449999946238e-03
1.272814399999994128e-02
2.033861455000002261e-02
2.870818969999999748e-02
1.734349284999997520e-02
1.146197614999999725e-02
7.594511999999997709e-03
8.586009450000098298e-03
4.287490750000011452e-03
9.939952200000101712e-03
2.006835544999996390e-02
3.224974440000005771e-02
4.691227104999995401e-02
5.891882070000009630e-02
6.765566950000001523e-02
5.550427390000001182e-02
6.253199259999986381e-02
6.488936590499994050e-02
7.063548492000004675e-02
6.168784038999997055e-02
6.185228640499995656e-02
6.769375219999984594e-02
6.805415610000009607e-02
6.181142660000005229e-02
7.906216799999987721e-02
8.457364959999980059e-02
9.555925359999983826e-02
9.355089890000001240e-02
8.772702100000007164e-02
9.462944675000006800e-02
8.540094154999999798e-02
8.534394430000002973e-02
8.356301524999998342e-02
8.300597675000009890e-02
8.371236594999997838e-02
8.796281570000008543e-02
8.580837904999993881e-02
8.401489014999996563e-02
8.066754441999995917e-02
7.690912493999996213e-02
6.752920675000001483e-02
7.153278450500000218e-02
5.638386464999994852e-02
6.369478520000002031e-02
5.934057639999998357e-02
5.330455489999999519e-02
5.590133644999997764e-02
4.765026025000002052e-02
5.670214240000001626e-02
5.895223104999999797e-02
5.697976461000001103e-02
3.535346024000002307e-02
3.015486403999998594e-02
4.242851165000002117e-02
4.118910287000000781e-02
3.566401605200002906e-02
4.067624809899999389e-02
3.891669651000004282e-02
4.070991562000000896e-02
4.616517181999998942e-02
4.219970639999995332e-02
4.203753239999999392e-02
3.899556284999999844e-02
3.450584805000003752e-02
2.879583065000004827e-02
2.763002514999995940e-02
1.907529499999999212e-02
1.311440375000000325e-02
2.068858230000003573e-02
1.930514820000006626e-02
3.050102310000002426e-02
3.835592794999986843e-02
4.890274169999997422e-02
3.925738944999990210e-02
3.209044084999990165e-02
3.741814880000005061e-02
2.663781820000010736e-02
1.351662354999993987e-02
1.557267824999997163e-02
1.467190434999987581e-02
1.569637289999992191e-02
3.007768524999998583e-02
3.012929344999992765e-02
3.961000539499992534e-02
4.631796101999996473e-02
5.342837540000000551e-02
5.481433205000008080e-02
4.528600200000010290e-02
4.072348954999993609e-02
4.712316699999985481e-02
4.974559270000011857e-02
5.730353560000001067e-02
6.018544184999985447e-02
6.598347505000001778e-02
7.261696220000002366e-02
7.815977389999995140e-02
8.402642780000002531e-02
7.010184259999996392e-02
7.084697755000002317e-02
6.390981360000003164e-02
7.053490172999998808e-02
6.916270190000006757e-02
7.711442729999995471e-02
8.949236469999999333e-02
8.508610985000003568e-02
8.614672294999997648e-02
7.665472025000003020e-02
7.856492365000000699e-02
5.634256750000002367e-02
5.026834229999996295e-02
5.344839380000002138e-02
5.370006070000002407e-02
6.180461340000002746e-02
7.495704529999995536e-02
7.501205770999998246e-02
6.860534412000000859e-02
6.035251891000000674e-02
5.188247632170002455e-02
4.452264478000002301e-02
2.107073257000001421e-02
2.843706692000003838e-02
3.381518257999990840e-02
3.852325496000000293e-02
5.704268844000004446e-02
5.779781890000001976e-02
6.888553410000006205e-02
5.939193614999999093e-02
6.625488754999997454e-02
6.242130084999997219e-02
6.027527055000003742e-02
5.976849935000000391e-02
5.175286179999993852e-02
5.763414579999998066e-02
6.242142410000001140e-02
6.482200020000006280e-02
6.887564386000000205e-02
7.752652725000008793e-02
7.372717794999994467e-02
7.372907584999999209e-02
7.099824889999994948e-02
7.427364845000006266e-02
7.343991494999990710e-02
7.227814960000000788e-02
7.005792850000003291e-02
7.901482710000018450e-02
7.159741069999991936e-02
7.316981415000012312e-02
7.421287675000010076e-02
7.409769900000018339e-02
6.804668200000008049e-02
7.004649000000018333e-02
7.209772049999996213e-02
3.323485589999997103e-02
6.872427130000002826e-02
3.720293619999992529e-02
5.117640204999995834e-02
9.953153905000000634e-02
1.397658184999994724e-02
1.515446544999998757e-02
1.444417650000007214e-02
1.141688735000001564e-02
9.371919299999920128e-03
9.225747600000056003e-03
1.103223824999999270e-02
6.122410649999965315e-03
5.899370299999984191e-03
2.693533349999999160e-03
5.716226499999921273e-04
3.617128349999998438e-03
-1.223153949999999934e-03
-1.344831399999968369e-03
-5.343937349999994257e-03
-5.244459565999948225e-03
2.270507664999948938e-03
-5.037296549999986661e-03
-7.746389499999992156e-03
-1.067389830999999900e-02
-1.867447345000001341e-02
-1.879101515999998667e-02
-1.581110012999999842e-02
-1.444036077000000057e-02
-5.328943460000002547e-03
4.894434019999990837e-03
9.190627600000028652e-03
1.505257642000001894e-02
1.214332785000003800e-02
1.299136782000002988e-02
7.526977600000026025e-03
4.564019200000046794e-03
1.980604199999944082e-03
6.608449900000035182e-03
9.848881100000012045e-03
2.368993499999993979e-02
3.262985210000002301e-02
4.424346485000002493e-02
5.496489050000002985e-02
6.324352770000007951e-02
6.008395844999997459e-02
5.797687205000001676e-02
5.056041079999995524e-02
4.539088004999991544e-02
4.530109994999997891e-02
4.886285355000008490e-02
4.416145895000012089e-02
5.398758545000004183e-02
5.715567054999992624e-02
6.736279430000002844e-02
6.722024260500003567e-02
6.480453849500011909e-02
6.206328707499997321e-02
5.247270939999992834e-02
4.237759760000003872e-02
4.346748800000010959e-02
3.094697990000017107e-02
2.321810654999989509e-02
3.230794559999994320e-02
3.396689459999979732e-02
2.661529909999993393e-02
2.039541455000004611e-02
1.134085520000005509e-02
6.271574100000010255e-03
2.554293399999907344e-03
-1.588759150000007558e-03
-6.004533899999997537e-03
-1.025627904999992790e-02
-6.971514149999857857e-03
-8.147786550000035710e-03
-4.975159055000011321e-03
-7.472277094999979496e-03
-2.967472775000001839e-02
-1.928637459999998915e-02
-3.960765235000002216e-02
-3.838090920000009065e-02
-3.103440744999996781e-02
-2.279864830000005727e-02
-1.666872395000001950e-02
-1.597350889999998858e-02
-1.101777789999996982e-02
-1.645177690000007575e-02
-2.233854740000001948e-02
-2.795652892999998806e-02
-3.363997492999999672e-02
-3.985099860500000007e-02
-3.380529711500000062e-02
-2.773496417299994160e-02
-1.863496187000002538e-02
-7.297083300000013761e-03
-3.914278399999956970e-03
9.174030099999994081e-03
1.156704969999999832e-02
1.254345789999999905e-02
5.653912300000063507e-03
7.592019199999966439e-03
7.290684000000324794e-04
5.133780249999997380e-03
8.932191249999943405e-03
1.797766205000000950e-02
2.675670424999998520e-02
3.398007335000008400e-02
3.722743065000005958e-02
4.876323734999998827e-02
4.913963794999998136e-02
4.726832585000007025e-02
5.229483494999986881e-02
4.722726135000010483e-02
4.929591809500000199e-02
5.808070823500000035e-02
6.092318930999995885e-02
7.032782984999985665e-02
7.290309299999986337e-02
7.274451789999991647e-02
7.267739740000012105e-02
7.425332209999990773e-02
6.841475650000017339e-02
6.200321534999986284e-02
6.198588769999990866e-02
6.081496299999988864e-02
5.814636464999978216e-02
6.035203574999981058e-02
6.189993989499997795e-02
6.466329642500001640e-02
6.290499425500017949e-02
6.977327852800008223e-02
5.080604834999991049e-02
4.314291245000001496e-02
3.267393520000005935e-02
2.396008960000006738e-02
1.990657824999997327e-02
1.834779669999997420e-02
1.860426640000012455e-02
1.667430189999996593e-02
1.968954695000002530e-02
2.005466805000000186e-02
1.921982030000002339e-02
1.341252469999992813e-02
5.672201849999947143e-03
-9.350180049999989862e-03
-1.829141220000002344e-02
-3.284789079999994588e-02
-3.856110359999995185e-02
-3.408177070000004139e-02
-3.310374802000001782e-02
-2.966841095000002926e-02
-2.299822599999992723e-02
-2.152888996999999249e-02
-2.401856133999995258e-02
-2.255573561999998922e-02
-2.938880481999999947e-02
-3.643338031299999530e-02
-4.059619350000004401e-02
-4.671571028999998293e-02
-4.402767925700003943e-02
-3.969467260000000830e-02
-3.300468668999999300e-02
-2.029793875000000802e-02
-1.233592509999997811e-02
-1.005578085000000121e-02
-9.615079349999999803e-03
-7.521971299999985483e-03
3.131006450000028973e-03
8.071710204999971161e-03
-6.302602500000142882e-04
1.832267455000002876e-02
2.863222244999996668e-02
3.718739225000000648e-02
3.981517035000003979e-02
4.853507165000003898e-02
4.450660179999998967e-02
4.809039754999999694e-02
4.789833475000004892e-02
5.015396610000000255e-02
6.449463322000004162e-02
7.541402978500000298e-02
8.560717527000005767e-02
9.173726381500002525e-02
9.215237360999983807e-02
8.651874199999998183e-02
8.782514364999993717e-02
8.289728895000003650e-02
7.454986940000007944e-02
7.265083959999996122e-02
7.231195369999998679e-02
7.838922459999986270e-02
8.503617050000000788e-02
9.191123699999992347e-02
9.419682359999992372e-02
9.153356174999993655e-02
8.934271984999997418e-02
7.664347914999991573e-02
6.609183310000010803e-02
5.739090059999996107e-02
4.957418219999998321e-02
4.351144979999999052e-02
4.035397359999992606e-02
4.420922529999993245e-02
4.645857035000000579e-02
5.235073350000002401e-02
5.170588370000001044e-02
4.722376274999995349e-02
4.268506204999999998e-02
2.474525260000001725e-02
2.115718715000003414e-02
1.435533634999996977e-02
1.150614489999997325e-02
1.276740174999999033e-02
1.966142426999997750e-02
2.011289084000002225e-02
1.443427102000004181e-02
1.935560950999998253e-02
1.557041381999996199e-02
1.097121624999999184e-02
7.428215999999994434e-03
7.317324889999997362e-03
5.268462329999987204e-03
1.041304406000001515e-02
9.330184149999989907e-03
1.041842174999998982e-02
1.179186590000000368e-02
1.628920631999997148e-02
1.594449758849997290e-02
1.346549040500000238e-02
1.884244700000003991e-02
1.670385069999996697e-02
2.138220820000003020e-02
2.138453220000002819e-02
2.411389880000003316e-02
2.669359059999998340e-02
2.832614699999991270e-02
3.220473950000002361e-02
3.802228644999994245e-02
4.459802769999998695e-02
5.107373715000007586e-02
5.056295809999988844e-02
5.047009769999999396e-02
5.100220005000000167e-02
5.560014220000009111e-02
5.551267054999986517e-02
4.895960249999986580e-02
5.273653129999988920e-02
5.794796284999992331e-02
6.295498394999987646e-02
6.451285804999984386e-02
7.271736589999999723e-02
7.585716885000004517e-02
7.404989039999998468e-02
6.981055029999994055e-02
6.682545820000007630e-02
5.928977690000014622e-02
5.431894878999998788e-02
5.433428184999999910e-02
5.385878505000007976e-02
5.127529684999998505e-02
5.729430810000002428e-02
6.231365049999992856e-02
6.627066739999998291e-02
7.406668289999995825e-02
7.491459600000005548e-02
6.007234365000002629e-02
4.592943739999999497e-02
4.256235489999993238e-02
3.441182830000000248e-02
3.091662790000004879e-02
3.699558789999990438e-02
3.921156080000004485e-02
4.710049150000000795e-02
5.474967440000005903e-02
5.380230930000001743e-02
5.240608559999995752e-02
4.753177949999991270e-02
3.939805422999997919e-02
2.009679209100000141e-02
1.700581389999997542e-02
1.872468107000001616e-02
3.629536614580006204e-02
3.324535917999998924e-02
4.577556323999998344e-02
4.168661497000002158e-02
4.526778820000001979e-02
3.876230214999996926e-02
2.475483724999999469e-02
2.265504109999999516e-02
2.337787158499998741e-02
2.274838973000001263e-02
2.829172605000002116e-02
2.415154225000004651e-02
1.203164254999999905e-02
3.033538405000002491e-02
1.151246910000003343e-02
9.433329399999967890e-03
8.739238950000061124e-03
7.312911650000031294e-03
8.234994199999956521e-03
1.563980058000002948e-02
2.440351060500001168e-02
3.255381269500001729e-02
3.118375475500001492e-02
2.875283172949993915e-02
2.508338522499997669e-02
2.124455294500005031e-02
1.321021804999988891e-02
1.216289134999992694e-02
1.038926234999992815e-02
1.969882345000018020e-02
2.310847184999986759e-02
3.285244435000000962e-02
3.981573725000009389e-02
4.506218250000015857e-02
4.321510315000010038e-02
3.797930330000021115e-02
2.717218824999989568e-02
2.200640944999998627e-02
1.216664214999996219e-02
1.360144579999988945e-02
1.915291594999990465e-02
3.017213720000000432e-02
3.655789305000001210e-02
4.353337819999991698e-02
4.097885039999993317e-02
3.260898695000002956e-02
2.246694254999997975e-02
2.249624124999999308e-02
1.548114645000003842e-02
1.521049929999995776e-02
1.296609170000001532e-02
1.880056930000001403e-02
2.139233025000000787e-02
2.971950949999996316e-02
3.592573579999999711e-02
3.448037760000000063e-02
3.140348129999995241e-02
2.767697014999997984e-02
2.446303817000004821e-02
2.271619669000000952e-02
1.354287389000004282e-02
1.161452266000004285e-02
1.316517145000001970e-02
1.844984253999996243e-02
2.355255250000004574e-02
2.727900104999995967e-02
3.311806649999995966e-02
3.704321940000002145e-02
3.089287210000007944e-02
2.893723629999994662e-02
2.634790175000006895e-02
2.272462424999999175e-02
1.767700165000002377e-02
2.059172920000001961e-02
2.354586939999997464e-02
2.868305225000006287e-02
4.003156039999988813e-02
4.631863179999995417e-02
5.033499624999993038e-02
5.157099254999997218e-02
4.812165880000007778e-02
4.289043829999994450e-02
3.291217874999996518e-02
3.151166815000006061e-02
2.440276520000006499e-02
2.299713639999989567e-02
2.569457624999993417e-02
3.004957414999998022e-02
4.270192469999978258e-02
4.707685604999989337e-02
4.828600255000004005e-02
4.618165585000011397e-02
4.290259994999989779e-02
3.680099455000007680e-02
2.570600885000007274e-02
1.639908384999988478e-02
1.094014215000005397e-02
1.446061059999992349e-02
1.985013390000001099e-02
2.487221779999992943e-02
3.259769289999991937e-02
3.050318600000001545e-02
2.747423134999993355e-02
2.502014314999989608e-02
1.751241424999994134e-02
1.122013980000002853e-02
2.307404749999908411e-03
2.756436899999936685e-03
3.340573724999962302e-03
9.782719520000038305e-03
1.264962327000002107e-02
1.321151443500001577e-02
1.595326906999999794e-02
1.735803689499998415e-02
1.286374440000001562e-02
6.666840050000011342e-03
2.437959850000004369e-03
1.081147320000000467e-02
7.754039199999993026e-03
2.511387870999999550e-02
2.037408330000001211e-02
3.917427568000002996e-02
3.633990154999999778e-02
3.692559504200002701e-02
3.587262268700002615e-02
3.279346275000000199e-02
3.270561307999995948e-02
3.423083196899999459e-02
3.769426642000005268e-02
4.557518809999989984e-02
5.324975750000005004e-02
6.065146259999995570e-02
5.984491680000003644e-02
6.180671349999997122e-02
5.939845069999999394e-02
5.036933649999997265e-02
4.509991829999998592e-02
4.028289720000000074e-02
4.569393900000001674e-02
5.178675884999994761e-02
6.100445290000000576e-02
7.264034429999999265e-02
8.582462744999996840e-02
8.543411379999998889e-02
8.636570245000008139e-02
7.984910070000006410e-02
6.902883004999993410e-02
6.667430750000002959e-02
6.464492745000016694e-02
6.445277540000005079e-02
6.533787209999997181e-02
7.226567760000013330e-02
7.913871630000013369e-02
