0.000000000000000000e+00 -4.764930103164029089e-03
1.665699923000000041e-02 -2.336925607000009397e-02
3.331399844999999998e-02 -1.549153848000001110e-02
4.997099767999999692e-02 -2.843483835000008494e-02
6.662799691000000080e-02 -4.713146564100006985e-02
8.328499612999999691e-02 -3.052070734200001273e-02
9.994199535999999384e-02 -1.856238439999977063e-03
1.165989946000000055e-01 1.701795421000000530e-02
1.332559937999999999e-01 1.692022752499999783e-02
1.499129929999999944e-01 5.137092064999998486e-02
1.665699922999999971e-01 4.819990014999997463e-02
1.832269914999999916e-01 8.267259620000000364e-02
1.998839907000000138e-01 5.555326535000004728e-02
2.165409899000000082e-01 4.399738079999998552e-02
2.331979892000000110e-01 3.155345045000002013e-02
2.498549884000000054e-01 1.756524230000000575e-02
2.665119875999999999e-01 3.937463704999999425e-02
2.831689868999999748e-01 3.601650094999997442e-02
2.998259860999999971e-01 4.294343290000002256e-02
3.164829853000000193e-01 2.486672339999995707e-02
3.331399844999999860e-01 7.812197445000002016e-02
3.497969838000000165e-01 1.124966850000008733e-02
3.664539829999999832e-01 1.453116810000010251e-02
3.831109822000000054e-01 9.330649619999997757e-02
3.997679814000000276e-01 8.420212695000006686e-02
4.164249807000000025e-01 3.362778862000004310e-02
4.330819799000000248e-01 3.388317278499974883e-02
4.497389790999999915e-01 2.545601865500013439e-02
4.663959783000000137e-01 4.821763105000043126e-03
4.830529775999999886e-01 1.363499513500010529e-02
4.997099768000000108e-01 1.591606701500025700e-02
5.163669760000000331e-01 -4.001753659999884860e-03
5.330239753000000080e-01 -3.588431588999996258e-02
5.496809744999999747e-01 -6.177236110000006164e-02
5.663379737000000524e-01 -6.501221680000002223e-02
5.829949729000000191e-01 -7.239941409999994804e-02
5.996519721999999941e-01 -3.470464795000016700e-02
6.163089713999999608e-01 -2.811521749999990050e-03
6.329659706000000385e-01 4.211472699999774250e-03
6.496229698000000052e-01 1.399470970000005199e-02
6.662799690999999802e-01 2.560204190000003877e-02
6.829369682999999469e-01 1.517132150000000124e-02
6.995939675000000246e-01 -1.038310929999997079e-02
7.162509666999999913e-01 -1.877309222500000985e-02
7.329079659999999663e-01 -1.844991009999996656e-02
7.495649652000000440e-01 -7.913090249999976677e-03
7.662219644000000107e-01 1.316582129999999129e-02
7.828789636999999857e-01 2.353279180000000803e-02
7.995359628999999524e-01 1.863554400000000388e-02
8.161929621000000301e-01 2.911698485000002723e-02
8.328499612999999968e-01 2.039910875000000567e-02
8.495069605999999718e-01 1.466027265000002799e-02
8.661639598000000495e-01 2.148957100000015163e-03
8.828209590000000162e-01 -1.406871529999997872e-02
8.994779581999999829e-01 -3.255869623999993467e-02
9.161349574999999579e-01 -3.045641957300007294e-02
9.327919567000000356e-01 -3.175717205999999820e-02
9.494489559000000023e-01 -2.729667500999997248e-02
9.661059550999999690e-01 -1.410503003999994537e-02
9.827629544000000550e-01 -4.609887279999960730e-03
9.994199536000000217e-01 2.893215519999940005e-03
1.016076953000000005e+00 3.946424569999985171e-03
1.032733952000000066e+00 -4.482835790000007370e-03
1.049390950999999905e+00 -1.289297361999999780e-02
1.066047951000000049e+00 -2.389583820000006076e-02
1.082704950000000110e+00 -3.648843459999995265e-02
1.099361948999999949e+00 -4.414388859999995862e-02
1.116018948000000011e+00 -4.869290440000004216e-02
1.132675947000000072e+00 -4.285119699999996590e-02
1.149332946999999994e+00 -3.608457552000002289e-02
1.165989946000000055e+00 -1.948237420900000502e-02
1.182646944999999894e+00 -8.510907049999891227e-03
1.199303943999999955e+00 8.146295799999980769e-03
1.215960944000000099e+00 1.197939160000002778e-02
1.232617942999999938e+00 1.788611779999998985e-02
1.249274941999999999e+00 1.231784390000001395e-02
1.265931941000000061e+00 4.857864799999944694e-03
1.282588939999999900e+00 -2.235661349999973346e-03
1.299245940000000044e+00 -1.411705095000004295e-02
1.315902939000000105e+00 -1.313066805000007164e-02
1.332559937999999944e+00 -8.355990099999932585e-03
1.349216937000000005e+00 -2.014242749999950455e-03
1.365873936999999927e+00 1.497879255000000853e-02
1.382530935999999988e+00 3.173565454999993651e-02
1.399187935000000049e+00 4.477000334999992059e-02
1.415844934000000110e+00 5.053945290000005919e-02
1.432501932999999950e+00 5.128847680000003795e-02
1.449158933000000093e+00 2.939956249999997606e-02
1.465815931999999933e+00 3.228747430000011853e-02
1.482472930999999994e+00 4.734371675000015323e-03
1.499129930000000055e+00 -1.108472038999996911e-02
1.515786929999999977e+00 -1.357755064999999206e-02
1.532443929000000038e+00 -2.146259689999996390e-02
1.549100928000000099e+00 -2.244490719999991946e-02
1.565757926999999938e+00 -2.405350314999998851e-02
1.582414927000000082e+00 -2.037188239999987438e-02
1.599071925999999921e+00 -2.932907550000019015e-02
1.615728924999999983e+00 -3.907273350000006751e-02
1.632385924000000044e+00 -5.118572399999998801e-02
1.649042923000000105e+00 -6.209245279999997535e-02
1.665699923000000027e+00 -6.353352224999997411e-02
1.682356922000000088e+00 -6.478591754999984964e-02
1.699013920999999927e+00 -4.769923460000002891e-02
1.715670919999999988e+00 -3.122624730000023163e-02
1.732327919999999910e+00 -2.461750559999997812e-02
1.748984918999999971e+00 -1.717897236499998925e-02
1.765641918000000032e+00 -1.637129390000002793e-02
1.782298917000000094e+00 -1.820919785000008062e-02
1.798955915999999933e+00 -2.700290740000010903e-02
1.815612916000000077e+00 -3.941437649999990356e-02
1.832269914999999916e+00 -3.096136050000009021e-02
1.848926913999999977e+00 -3.295854644999995919e-02
1.865583913000000038e+00 7.319430399999937720e-03
1.882240912999999960e+00 4.427343099999925258e-03
1.898897912000000021e+00 5.066885550000010952e-03
1.915554911000000082e+00 5.387512664499999326e-02
1.932211909999999921e+00 6.369464175000000283e-02
1.948868910000000065e+00 2.223984854999999650e-02
1.965525908999999904e+00 2.103157849999981455e-03
1.982182907999999966e+00 -5.077425529999998743e-02
1.998839907000000027e+00 -7.769194620000000051e-02
2.015496906000000088e+00 -5.777295180000004138e-02
2.032153906000000010e+00 -1.463129971999996282e-02
2.048810904999999849e+00 1.682612830999992426e-02
2.065467904000000132e+00 2.528846935000003682e-02
2.082124902999999971e+00 4.194533661000007102e-02
2.098781902999999893e+00 3.824723347899999792e-02
2.115438902000000176e+00 2.232994469000004756e-02
2.132095901000000016e+00 5.470519699999926155e-03
2.148752899999999855e+00 -1.908638854999997192e-02
2.165409899000000138e+00 -2.054740550000017096e-03
2.182066899000000060e+00 -1.758154434999995019e-02
2.198723897999999899e+00 8.366916100000038048e-03
2.215380897000000182e+00 2.706434880000001264e-02
2.232037896000000021e+00 1.447528646000001418e-02
2.248694895999999943e+00 4.481477580999999183e-03
2.265351894999999782e+00 9.398328200000069521e-04
2.282008894000000065e+00 -3.085099409000002790e-02
2.298665892999999905e+00 -3.897201967000000350e-02
2.315322892000000188e+00 -4.388472199999997325e-02
2.331979892000000110e+00 -4.154996244999994981e-02
2.348636890999999949e+00 -3.200726259999997492e-02
2.365293889999999788e+00 -1.476465899999990228e-02
2.381950889000000071e+00 2.940947500000012926e-03
2.398607888999999993e+00 1.979220030000000685e-02
2.415264887999999832e+00 2.328189430000005000e-02
2.431921887000000115e+00 3.452586464999995997e-02
2.448578885999999954e+00 3.590227204999996147e-02
2.465235885999999876e+00 5.227161510000011280e-02
2.481892885000000160e+00 5.329808970000005086e-02
2.498549883999999999e+00 1.534714704500006466e-02
2.515206882999999838e+00 2.247112415000007690e-02
2.531863882000000121e+00 4.862607619999992359e-02
2.548520882000000043e+00 6.766943384999990485e-02
2.565177880999999882e+00 9.368794899999999259e-02
2.581834880000000165e+00 8.942384894999999556e-02
2.598491879000000004e+00 8.335165370000008345e-02
2.615148878999999926e+00 9.895168904999995796e-02
2.631805878000000209e+00 9.684356969999985409e-02
2.648462877000000049e+00 9.411828101500008259e-02
2.665119875999999888e+00 1.076684086399999352e-01
2.681776875000000171e+00 1.187922832499999082e-01
2.698433875000000093e+00 1.260751138500000312e-01
2.715090873999999932e+00 1.313991985000000362e-01
2.731747873000000215e+00 1.324489730500000295e-01
2.748404872000000054e+00 1.233468357500000501e-01
2.765061871999999976e+00 1.065628155500000229e-01
2.781718870999999815e+00 8.905504765000005207e-02
2.798375870000000099e+00 7.282113475000007163e-02
2.815032868999999938e+00 6.053734975000002461e-02
2.831689868999999860e+00 6.154913939999995254e-02
2.848346868000000143e+00 6.402498535000000768e-02
2.865003866999999982e+00 6.978280110000001368e-02
2.881660865999999821e+00 7.609461179999998937e-02
2.898317865000000104e+00 7.535764085000007384e-02
2.914974865000000026e+00 7.259707704999995848e-02
2.931631863999999865e+00 5.708604400000005796e-02
2.948288863000000148e+00 4.277777817500005852e-02
2.964945861999999988e+00 3.221306607999996352e-02
2.981602861999999909e+00 2.491689308500000255e-02
2.998259861000000193e+00 1.145134847000001121e-02
3.014916860000000032e+00 4.937286709999988421e-03
3.031573858999999871e+00 1.223321711000002754e-02
3.048230858000000154e+00 1.036246220950004515e-02
3.064887858000000076e+00 9.479600181500014155e-03
3.081544856999999915e+00 9.768116650000019385e-03
3.098201856000000198e+00 6.135801555000014451e-03
3.114858855000000037e+00 -1.581115659999993150e-04
3.131515854999999959e+00 -2.989991154999999817e-03
3.148172853999999798e+00 -1.206740767699999994e-02
3.164829853000000082e+00 -1.440115341249999584e-02
3.181486851999999921e+00 -9.798866963999994240e-03
3.198143851999999843e+00 -1.081922195550000243e-02
3.214800851000000126e+00 -4.334250201999997887e-03
3.231457849999999965e+00 -3.378445476000010994e-03
3.248114848999999804e+00 -3.910396017500011867e-03
3.264771848000000087e+00 -2.688788545000000973e-03
3.281428848000000009e+00 -7.609571579999988011e-03
3.298085846999999848e+00 -1.089936743000000097e-02
3.314742846000000132e+00 -5.372180480000002256e-03
3.331399844999999971e+00 -1.042301469999999675e-03
3.348056844999999893e+00 2.011690078999998389e-03
3.364713844000000176e+00 1.179119231999999767e-02
3.381370843000000015e+00 7.185741979999993312e-03
3.398027841999999854e+00 1.691082124999998548e-02
3.414684841000000137e+00 1.948774437500003232e-02
3.431341841000000059e+00 9.055574669999982840e-03
3.447998839999999898e+00 1.387581379999996978e-02
3.464655839000000181e+00 2.413629214999996053e-02
3.481312838000000021e+00 2.705978920000001731e-02
3.497969837999999942e+00 3.673853750000000140e-02
3.514626836999999782e+00 4.463350735000004565e-02
3.531283836000000065e+00 5.824701474999993689e-02
3.547940834999999904e+00 6.168938889999997510e-02
3.564597834000000187e+00 7.277836859999997632e-02
3.581254834000000109e+00 6.705337700000002510e-02
3.597911832999999948e+00 6.299508815000010031e-02
3.614568831999999787e+00 6.262941425000001505e-02
3.631225831000000071e+00 5.835010185000011340e-02
3.647882830999999992e+00 5.764482670000004028e-02
3.664539829999999832e+00 6.841765619999995440e-02
3.681196829000000115e+00 1.029726168500000316e-01
3.697853827999999954e+00 1.212435014499999575e-01
3.714510827999999876e+00 1.322690985500001304e-01
3.731167827000000159e+00 1.333797617500001031e-01
3.747824825999999998e+00 1.347766289000000839e-01
3.764481824999999837e+00 1.241924077999998488e-01
3.781138824000000120e+00 1.189237243000000888e-01
3.797795824000000042e+00 1.138807615000001494e-01
3.814452822999999881e+00 1.178126773550001172e-01
3.831109822000000165e+00 1.219033807699998473e-01
3.847766821000000004e+00 1.307256176500001255e-01
3.864423820999999926e+00 1.458177384999999049e-01
3.881080820000000209e+00 1.513464608999999239e-01
3.897737819000000048e+00 1.451140058500000052e-01
3.914394817999999887e+00 1.429317727500001300e-01
3.931051817000000170e+00 1.160027421499999489e-01
3.947708817000000092e+00 9.389461080000005566e-02
3.964365815999999931e+00 7.972685239999988127e-02
3.981022815000000215e+00 7.560844069999994588e-02
3.997679814000000054e+00 6.400179610500000837e-02
4.014336813999999976e+00 6.597794179999993958e-02
4.030993813000000259e+00 5.510111910000003999e-02
4.047650811999999654e+00 5.053563790000015210e-02
4.064307810999999937e+00 3.178084729999997027e-02
4.080964811000000303e+00 2.105060025000005108e-02
4.097621809999999698e+00 5.248815150000030183e-03
4.114278808999999981e+00 -9.693474000000035229e-03
4.130935808000000264e+00 -1.259250759999999691e-02
4.147592806999999659e+00 -1.349684930000000227e-02
4.164249807000000025e+00 2.223297350000041916e-03
4.180906806000000309e+00 2.007586614000003711e-02
4.197563804999999704e+00 2.930931548999998748e-02
4.214220803999999987e+00 3.811485076999999305e-02
4.230877804000000353e+00 4.093828601799998773e-02
4.247534802999999748e+00 3.382277471999999008e-02
4.264191802000000031e+00 3.563715745000001212e-02
4.280848801000000314e+00 2.383963784150000542e-02
4.297505799999999709e+00 2.400717260000004294e-02
4.314162800000000075e+00 3.077180754999997436e-02
4.330819799000000359e+00 3.768435069999996612e-02
4.347476797999999754e+00 5.322091707000000532e-02
4.364133797000000037e+00 5.325098172000000685e-02
4.380790797000000403e+00 5.982015009900003288e-02
4.397447795999999798e+00 4.332527745000001873e-02
4.414104795000000081e+00 3.828980697999991023e-02
4.430761794000000364e+00 3.385959534000006210e-02
4.447418793999999842e+00 3.374823865000001200e-02
4.464075793000000125e+00 4.258895225999997924e-02
4.480732792000000408e+00 6.123258440000001190e-02
4.497389790999999803e+00 8.014802830000000711e-02
4.514046790000000087e+00 1.032235611500000316e-01
4.530703789999999564e+00 1.197184453499999801e-01
4.547360788999999848e+00 1.306369704999999493e-01
4.564017788000000131e+00 1.310850627499999810e-01
4.580674787000000414e+00 1.297819809999999352e-01
4.597331786999999892e+00 1.259196963900000577e-01
4.613988786000000175e+00 1.109397069000001013e-01
4.630645784999999570e+00 1.214726163499999512e-01
4.647302783999999853e+00 1.267906394499999090e-01
4.663959783000000137e+00 1.226514746500000363e-01
4.680616782999999614e+00 1.161354928000000175e-01
4.697273781999999898e+00 1.291121517000000107e-01
4.713930781000000181e+00 1.138905573999999810e-01
4.730587779999999576e+00 8.797992500000006988e-02
4.747244779999999942e+00 4.698747276500014891e-02
4.763901779000000225e+00 4.229358483200007512e-02
4.780558777999999620e+00 3.141072002500000515e-02
4.797215776999999903e+00 2.910481651999985431e-02
4.813872776000000187e+00 4.159002790999988264e-02
4.830529775999999664e+00 5.695594804999992711e-02
4.847186774999999948e+00 5.823284445000020959e-02
4.863843774000000231e+00 5.252296279999990603e-02
4.880500772999999626e+00 5.190978020000014403e-02
4.897157772999999992e+00 3.716358404999997589e-02
4.913814772000000275e+00 2.545662915000002080e-02
4.930471770999999670e+00 1.048489849999989509e-02
4.947128769999999953e+00 1.043276950000004977e-02
4.963785770000000319e+00 1.343809599999912230e-03
4.980442768999999714e+00 1.249933089999999414e-02
4.997099767999999997e+00 2.853945764999987755e-02
5.013756767000000281e+00 3.163070010000001986e-02
5.030413765999999676e+00 3.401581730000002857e-02
5.047070766000000042e+00 3.536365294999999076e-02
5.063727765000000325e+00 2.647112725000000388e-02
5.080384763999999720e+00 1.541118675000008320e-02
5.097041763000000003e+00 -1.116672480000008294e-02
5.113698763000000369e+00 -1.095120830000007039e-02
5.130355761999999764e+00 -1.442556215000001529e-02
5.147012761000000047e+00 -1.191413804999999493e-02
5.163669760000000331e+00 -9.560241600000046747e-03
5.180326758999999726e+00 1.502528549999992968e-03
5.196983759000000092e+00 2.116438250000018950e-03
5.213640758000000375e+00 -2.097434500000022739e-03
5.230297756999999770e+00 3.111038899999973850e-03
5.246954756000000053e+00 -3.580060270000046119e-03
5.263611756000000419e+00 -8.776286140000030128e-03
5.280268754999999814e+00 -1.716818004000000147e-02
5.296925754000000097e+00 -2.622150296999996300e-02
5.313582753000000380e+00 -3.317467305000000588e-02
5.330239752999999858e+00 -3.590649205000001620e-02
5.346896752000000141e+00 -2.589992485000001954e-02
5.363553751000000425e+00 -1.953405855999998386e-02
5.380210749999999820e+00 -5.803995610000042826e-03
5.396867749000000103e+00 -2.891088827399956700e-03
5.413524748999999581e+00 2.204566769999985465e-03
5.430181747999999864e+00 -1.306816049999957874e-03
5.446838747000000147e+00 -7.129598679999973876e-03
5.463495746000000430e+00 -2.223672593999999336e-02
5.480152745999999908e+00 -2.012637211000001258e-02
5.496809745000000191e+00 -2.981318779999997393e-02
5.513466743999999586e+00 -2.838887500000000785e-02
5.530123742999999870e+00 -1.810244255000001412e-02
5.546780742000000153e+00 -5.185357599999995681e-03
5.563437741999999631e+00 8.562411699999994408e-03
5.580094740999999914e+00 1.687844510000002796e-02
5.596751740000000197e+00 2.994207975000007238e-02
5.613408738999999592e+00 2.962773820000008662e-02
5.630065738999999958e+00 2.789870694999996292e-02
5.646722738000000241e+00 2.239377544999998637e-02
5.663379736999999636e+00 1.552395605000000955e-02
5.680036735999999919e+00 1.058136404999998614e-02
5.696693735000000203e+00 3.931568599999879510e-03
5.713350734999999680e+00 1.204224300000000802e-02
5.730007733999999964e+00 1.533626905000007312e-02
5.746664733000000247e+00 2.510485828499997574e-02
5.763321731999999642e+00 3.370608704999988881e-02
5.779978732000000008e+00 4.725989985000000893e-02
5.796635731000000291e+00 5.128404424999999378e-02
5.813292729999999686e+00 5.518005034999995395e-02
5.829949728999999969e+00 4.915371810000013220e-02
5.846606729000000335e+00 5.395825975000012598e-02
5.863263727999999730e+00 4.550402009999987563e-02
5.879920727000000014e+00 4.727098700000009757e-02
5.896577726000000297e+00 7.943963744999993359e-02
5.913234724999999692e+00 9.580567820000007728e-02
5.929891725000000058e+00 9.398738839999998262e-02
5.946548724000000341e+00 1.015942680499999362e-01
5.963205722999999736e+00 8.694783994500010493e-02
5.979862722000000019e+00 7.549344494999998822e-02
5.996519722000000385e+00 7.089849365000011616e-02
6.013176720999999780e+00 7.203309550000003281e-02
6.029833720000000064e+00 7.229622755000020273e-02
6.046490719000000347e+00 7.739880990000014283e-02
6.063147717999999742e+00 8.260768370000004523e-02
6.079804718000000108e+00 7.853696825000000548e-02
6.096461717000000391e+00 6.251328980000003810e-02
6.113118715999999786e+00 3.908241899999997937e-02
6.129775715000000069e+00 -1.556702184999997352e-02
6.146432715000000435e+00 -2.505990364999999276e-02
6.163089713999999830e+00 -4.599718770000002510e-02
6.179746713000000113e+00 -9.175139599999965201e-03
6.196403712000000397e+00 -5.789611300000024885e-03
6.213060711999999874e+00 -3.984360384999996452e-03
6.229717711000000158e+00 -1.794698773000000247e-02
6.246374710000000441e+00 -2.419103376700000585e-02
6.263031708999999836e+00 -3.338490926000000497e-02
6.279688708000000119e+00 -4.116634618999998052e-02
6.296345707999999597e+00 -3.859744149999999596e-02
6.313002706999999880e+00 -3.381909532999999302e-02
6.329659706000000163e+00 -2.479948048999992827e-02
6.346316704999999558e+00 -2.003780451999990359e-02
6.362973704999999924e+00 -1.024049592000000550e-02
6.379630704000000208e+00 -7.163081891999910529e-03
6.396287702999999603e+00 -1.425402688000003935e-02
6.412944701999999886e+00 -2.483897448600003166e-02
6.429601701000000169e+00 -3.283378935500001067e-02
6.446258700999999647e+00 -3.967827071500003300e-02
6.462915699999999930e+00 -4.525416834999997778e-02
6.479572699000000213e+00 -4.539124185999993122e-02
6.496229697999999608e+00 -4.035300525000004579e-02
6.512886697999999974e+00 -2.851437924999999929e-02
6.529543697000000257e+00 -2.009041295000002503e-02
6.546200695999999652e+00 -1.764901455000000841e-02
6.562857694999999936e+00 -2.459091050000028478e-03
6.579514695000000302e+00 -9.272923874999894345e-03
6.596171693999999697e+00 -8.577785649999891682e-03
6.612828692999999980e+00 -2.881927949999973926e-03
6.629485692000000263e+00 5.989899999999659386e-04
6.646142690999999658e+00 9.384462600000031962e-03
6.662799691000000024e+00 1.573280960000000839e-02
6.679456690000000307e+00 3.805697875000002561e-02
6.696113688999999702e+00 4.749157434999995431e-02
6.712770687999999986e+00 4.196935090000009083e-02
6.729427688000000352e+00 4.045643514999996970e-02
6.746084686999999747e+00 4.248525119999979616e-02
6.762741686000000030e+00 4.927706949999977049e-02
6.779398685000000313e+00 6.179913845000006845e-02
6.796055683999999708e+00 7.330622802000008598e-02
6.812712684000000074e+00 8.478649609499999684e-02
6.829369683000000357e+00 9.026163370999995550e-02
6.846026681999999752e+00 9.577085090549974922e-02
6.862683681000000036e+00 9.670032928999994226e-02
6.879340681000000401e+00 9.567083085000005482e-02
6.895997679999999797e+00 8.310852824999992450e-02
6.912654679000000080e+00 6.889307354999996136e-02
6.929311678000000363e+00 5.923552280000021764e-02
6.945968676999999758e+00 5.341489944999999739e-02
6.962625677000000124e+00 5.963339625000008137e-02
6.979282676000000407e+00 6.599527509999991715e-02
6.995939674999999802e+00 7.915303589999989065e-02
7.012596674000000085e+00 8.393843459999994483e-02
7.029253673999999563e+00 9.333243059999996039e-02
7.045910672999999846e+00 9.217032119999990503e-02
7.062567672000000130e+00 8.194036760000000807e-02
7.079224671000000413e+00 6.989787909999989335e-02
7.095881670999999891e+00 5.252686765000003088e-02
7.112538670000000174e+00 3.347995100000000779e-02
7.129195668999999569e+00 2.640915535000004644e-02
7.145852667999999852e+00 2.147330364999999741e-02
7.162509667000000135e+00 2.054237679999998401e-02
7.179166666999999613e+00 2.928127709999989170e-02
7.195823665999999896e+00 3.900229880000005700e-02
7.212480665000000180e+00 4.808597299999994856e-02
7.229137663999999575e+00 5.123418410000002421e-02
7.245794663999999941e+00 5.090497809999994239e-02
7.262451663000000224e+00 4.167831970000004937e-02
7.279108661999999619e+00 1.576622089000007457e-02
7.295765660999999902e+00 3.630077329999929076e-03
7.312422660000000185e+00 -1.003328117000000519e-02
7.329079659999999663e+00 -9.635221579999991848e-03
7.345736658999999946e+00 9.518210610000014948e-03
7.362393658000000229e+00 1.897594591000000344e-02
7.379050656999999624e+00 2.845797360199997517e-02
7.395707656999999990e+00 2.760154229000002374e-02
7.412364656000000274e+00 2.071915961000004094e-02
7.429021654999999669e+00 7.066042639999995517e-03
7.445678653999999952e+00 2.160062950000006532e-03
7.462335654000000318e+00 -7.716536480000008025e-03
7.478992652999999713e+00 -6.345309239999957773e-03
7.495649651999999996e+00 -4.024018499999976184e-03
7.512306651000000279e+00 4.207540850000024424e-03
7.528963649999999674e+00 1.208746674999999771e-02
7.545620650000000040e+00 1.619358915000002064e-02
7.562277649000000324e+00 1.802427658650002096e-02
7.578934647999999719e+00 1.925707660000003374e-02
7.595591647000000002e+00 8.121231699999953424e-03
7.612248647000000368e+00 6.266203899999989169e-03
7.628905645999999763e+00 7.400290949999943635e-03
7.645562645000000046e+00 7.319346900000023304e-03
7.662219644000000329e+00 1.178062234999988078e-02
7.678876642999999724e+00 1.843434944999999825e-02
7.695533643000000090e+00 2.336645750000010402e-02
7.712190642000000373e+00 3.216406620000000771e-02
7.728847640999999768e+00 2.366175134999992657e-02
7.745504640000000052e+00 1.854307309000002846e-02
7.762161640000000418e+00 1.852465628500010730e-02
7.778818638999999813e+00 5.895874640000187128e-03
7.795475638000000096e+00 5.828908250000042202e-03
7.812132637000000379e+00 4.693435400000112168e-03
7.828789636999999857e+00 3.100968450000074483e-03
7.845446636000000140e+00 5.667348849999864768e-03
7.862103635000000423e+00 1.559090005000007828e-02
7.878760633999999818e+00 2.284356540000009872e-02
7.895417633000000102e+00 3.200709892499986609e-02
7.912074632999999579e+00 3.297192214999999926e-02
7.928731631999999863e+00 3.203640130000007247e-02
7.945388631000000146e+00 2.392375799300006101e-02
7.962045630000000429e+00 1.758152744000018863e-02
7.978702629999999907e+00 1.939926121500012979e-02
7.995359629000000190e+00 1.596488784999994248e-02
8.012016627999999585e+00 2.006665969999998911e-02
8.028673626999999868e+00 1.843132140000003361e-02
8.045330626000000152e+00 3.520278514999997110e-02
8.061987626000000517e+00 3.534453314999996820e-02
8.078644625000000801e+00 3.499776960000000603e-02
8.095301623999999308e+00 3.063991119999998070e-02
8.111958622999999591e+00 3.016541930000005145e-02
8.128615622999999957e+00 2.314898915000007662e-02
8.145272622000000240e+00 1.451011801000001711e-02
8.161929621000000523e+00 1.936612250000002700e-02
8.178586620000000806e+00 2.273093870000003625e-02
8.195243618999999313e+00 2.367979450000001762e-02
8.211900618999999679e+00 4.152200490000002020e-02
8.228557617999999962e+00 4.252711579999995939e-02
8.245214617000000246e+00 4.208008219999997968e-02
8.261871616000000529e+00 3.734604409999997543e-02
8.278528615999999118e+00 1.572638890000002676e-02
8.295185614999999402e+00 -2.118873100000043252e-03
8.311842613999999685e+00 4.287667909999924587e-03
8.328499612999999968e+00 -1.275081572900006385e-02
8.345156613000000334e+00 -3.469894229999971602e-03
8.361813612000000617e+00 1.382936007999996733e-02
8.378470610999999124e+00 2.050908167000008164e-02
8.395127609999999407e+00 2.963912196000009769e-02
8.411784608999999691e+00 2.175514229999990501e-02
8.428441609000000057e+00 1.449994548000002603e-02
8.445098608000000340e+00 -1.712600040000011870e-03
8.461755607000000623e+00 -9.567920180000001606e-03
8.478412605999999130e+00 -9.398137060000012755e-03
8.495069605999999496e+00 -1.420031836999999936e-02
8.511726604999999779e+00 -1.493507324899998913e-02
8.528383604000000062e+00 -8.158881420000006768e-03
8.545040603000000345e+00 -7.535173489999991148e-03
8.561697602000000629e+00 -5.585691924999997005e-03
8.578354601999999218e+00 -6.573803699999991590e-03
8.595011600999999501e+00 -8.428206649999991917e-03
8.611668599999999785e+00 -1.575763730000001583e-02
8.628325599000000068e+00 -1.685203613500002584e-02
8.644982599000000434e+00 -1.799898064999999603e-02
8.661639598000000717e+00 -1.356437445000002739e-02
8.678296596999999224e+00 -7.936828099999959640e-03
8.694953595999999507e+00 7.554774449999968056e-03
8.711610595999999873e+00 1.065659339999991406e-02
8.728267595000000156e+00 1.308676310000012055e-02
8.744924594000000440e+00 9.019960049999942164e-03
8.761581593000000723e+00 3.627515499999955928e-03
8.778238591999999230e+00 -1.370257850000000666e-03
8.794895591999999596e+00 -3.594726149999893927e-03
8.811552590999999879e+00 -8.367780450000084080e-03
8.828209590000000162e+00 -7.815655549999966922e-03
8.844866589000000445e+00 1.101014065000005537e-02
8.861523589000000811e+00 1.735312210000006239e-02
8.878180587999999318e+00 3.266154656499997699e-02
8.894837586999999601e+00 3.115844869500006276e-02
8.911494585999999885e+00 3.055412351499997570e-02
8.928151585000000168e+00 2.293555047499995503e-02
8.944808585000000534e+00 1.631307165000017712e-02
8.961465584000000817e+00 4.048109950000045032e-03
8.978122582999999324e+00 -4.478253150000055527e-03
8.994779581999999607e+00 -7.000542199999904014e-03
9.011436581999999973e+00 -6.141314199999747814e-03
9.028093581000000256e+00 -3.050679550000046092e-03
9.044750580000000539e+00 7.155001500000146564e-03
9.061407579000000823e+00 1.694130744999999827e-02
9.078064577999999329e+00 2.068683144999994283e-02
9.094721577999999695e+00 2.438959145000008100e-02
9.111378576999999979e+00 1.611431529999995949e-02
9.128035576000000262e+00 1.416057124999992034e-02
9.144692575000000545e+00 1.294588549999975413e-03
9.161349574999999135e+00 -1.038089470000003178e-02
9.178006573999999418e+00 -1.924189129999998027e-02
9.194663572999999701e+00 -2.333098894999996453e-02
9.211320571999999984e+00 -2.407885075000004704e-02
9.227977572000000350e+00 -1.596560065000002249e-02
9.244634571000000633e+00 -1.553855874999998665e-02
9.261291569999999140e+00 -1.096314725000002710e-02
9.277948568999999424e+00 -7.297201150000043324e-03
9.294605567999999707e+00 -6.118045249999981561e-03
9.311262568000000073e+00 -5.590333649999945642e-03
9.327919567000000356e+00 -1.493238080000000578e-02
9.344576566000000639e+00 -2.776490029999995057e-02
9.361233564999999146e+00 -4.061084567000004808e-02
9.377890564999999512e+00 -4.669479566999999720e-02
9.394547563999999795e+00 -4.799780413000000884e-02
9.411204563000000078e+00 -4.705627780999996346e-02
9.427861562000000362e+00 -4.565393296000001822e-02
9.444518561000000645e+00 -3.985857084000001688e-02
9.461175560999999234e+00 -3.433663374300000709e-02
9.477832559999999518e+00 -2.898493628709996814e-02
9.494489558999999801e+00 -2.829654111799998623e-02
9.511146558000000084e+00 -3.418628234000001959e-02
9.527803558000000450e+00 -3.595341457999998158e-02
9.544460557000000733e+00 -4.250584981999999679e-02
9.561117555999999240e+00 -4.130671722999998408e-02
9.577774554999999523e+00 -3.369420179999998988e-02
9.594431554999999889e+00 -2.074928567999999307e-02
9.611088554000000173e+00 -1.480680025000000177e-02
9.627745553000000456e+00 -5.572400025499996135e-03
9.644402552000000739e+00 -6.679648419999989484e-03
9.661059550999999246e+00 -8.178794399999966824e-03
9.677716550999999612e+00 -3.161937899999966994e-03
9.694373549999999895e+00 -3.574487899999978513e-03
9.711030549000000178e+00 -3.890361600000002973e-03
9.727687548000000461e+00 1.431377345000001133e-02
9.744344548000000827e+00 2.138988694999999218e-02
9.761001546999999334e+00 4.235137310000003374e-02
9.777658545999999617e+00 5.439241249999993144e-02
9.794315544999999901e+00 6.456294470000001340e-02
9.810972544000000184e+00 7.308170039999994927e-02
9.827629544000000550e+00 6.495894790000011909e-02
9.844286543000000833e+00 5.488290805000006767e-02
9.860943541999999340e+00 4.721568220000005311e-02
9.877600540999999623e+00 4.842076820000007498e-02
9.894257540999999989e+00 5.091460204999997963e-02
9.910914540000000272e+00 5.540411019999991193e-02
9.927571539000000556e+00 6.932005299999988157e-02
9.944228538000000839e+00 7.670288694999993773e-02
9.960885537999999428e+00 8.252053565250005995e-02
9.977542536999999712e+00 6.685514316499974186e-02
9.994199535999999995e+00 5.279775530000008210e-02
1.001085654000000069e+01 4.617383490000004365e-02
1.002751353000000023e+01 2.513603114999996002e-02
1.004417053000000060e+01 2.309273369999997882e-02
1.006082752999999919e+01 1.770977490000014143e-02
1.007748452999999955e+01 2.027906984999994222e-02
1.009414152999999992e+01 2.247169400000004202e-02
1.011079853000000028e+01 2.145559794999996051e-02
1.012745553000000065e+01 1.989936449999996082e-02
1.014411252999999924e+01 2.068354704999997296e-02
1.016076952999999961e+01 4.874978849999989094e-03
1.017742652999999997e+01 -4.563879449999919125e-03
1.019408353000000034e+01 -6.784323591999985581e-03
1.021074053000000070e+01 -1.639530715000003802e-02
1.022739752999999929e+01 -1.403025374999999908e-02
1.024405452000000061e+01 -2.278251400000153026e-03
1.026071151999999920e+01 -1.129010064999991236e-02
1.027736851999999956e+01 -4.138453850000001211e-03
1.029402551999999993e+01 -1.077273829999997323e-02
1.031068252000000030e+01 -1.403235639999994566e-02
1.032733952000000066e+01 -1.182061265000000638e-02
1.034399651999999925e+01 -2.228423959999992210e-02
1.036065351999999962e+01 -3.561089679999995816e-02
1.037731051999999998e+01 -4.458135832000001408e-02
1.039396752000000035e+01 -3.138994300999992104e-02
1.041062452000000071e+01 -2.553806168999996073e-02
1.042728151999999930e+01 -2.875364770000002346e-02
1.044393851999999967e+01 -2.155270666000006635e-02
1.046059550999999921e+01 -2.696129375000000730e-02
1.047725250999999957e+01 -3.379782803100002397e-02
1.049390950999999994e+01 -3.786624138000001250e-02
1.051056651000000031e+01 -4.071580879000000208e-02
1.052722351000000067e+01 -4.818301595000000492e-02
1.054388050999999926e+01 -4.721989020999999009e-02
1.056053750999999963e+01 -4.234482045999998778e-02
1.057719450999999999e+01 -3.656030755000000410e-02
1.059385151000000036e+01 -2.640906930000000430e-02
1.061050851000000073e+01 -2.470588877999999045e-02
1.062716550999999932e+01 -2.388424171500000415e-02
1.064382250999999968e+01 -2.453954620000001197e-02
1.066047951000000005e+01 -2.314899119999999644e-02
1.067713649999999959e+01 -2.042985993000001610e-02
1.069379349999999995e+01 -1.523290442999997163e-02
1.071045050000000032e+01 -1.024033424000003745e-02
1.072710750000000068e+01 -6.824575590000048209e-03
1.074376449999999927e+01 5.777436665000024174e-03
1.076042149999999964e+01 1.381589100499996947e-02
1.077707850000000001e+01 1.825166905499997494e-02
1.079373550000000037e+01 2.304790377499998932e-02
1.081039250000000074e+01 2.472770395000001287e-02
1.082704949999999933e+01 2.034109527999994338e-02
1.084370649999999969e+01 1.768134271499999244e-02
1.086036350000000006e+01 1.985613630999993884e-02
1.087702048999999960e+01 2.105976247999996609e-02
1.089367748999999996e+01 3.172995584999993568e-02
1.091033449000000033e+01 3.971209929999997001e-02
1.092699149000000070e+01 4.460137504999994729e-02
1.094364848999999928e+01 5.575708639999998883e-02
1.096030548999999965e+01 6.000839634999999284e-02
1.097696249000000002e+01 6.160589590000009608e-02
1.099361949000000038e+01 5.795000864999999557e-02
1.101027649000000075e+01 4.656318610000020897e-02
1.102693348999999934e+01 4.380312979999989587e-02
1.104359048999999970e+01 3.791737720000010192e-02
1.106024749000000007e+01 4.681990354999987503e-02
1.107690449000000044e+01 5.050168585000003318e-02
1.109356147999999997e+01 5.543207605000000093e-02
1.111021848000000034e+01 5.949511075000013527e-02
1.112687548000000071e+01 5.979163555000011065e-02
1.114353247999999930e+01 5.943435629999993530e-02
1.116018947999999966e+01 5.029368275000012378e-02
1.117684648000000003e+01 4.284954390000006441e-02
1.119350348000000039e+01 3.389034024999992845e-02
1.121016048000000076e+01 2.931299644999996179e-02
1.122681747999999935e+01 2.440122095000007985e-02
1.124347447999999972e+01 2.666382810000000880e-02
1.126013148000000008e+01 2.398451464999995508e-02
1.127678848000000045e+01 3.103233255000004132e-02
1.129344548000000081e+01 2.562194919999993825e-02
1.131010247000000035e+01 2.104673339999996173e-02
1.132675947000000072e+01 1.549565079999992712e-02
1.134341646999999931e+01 1.024047254999999046e-02
1.136007346999999967e+01 -1.654322549999975855e-03
1.137673047000000004e+01 -3.911203600000023872e-03
1.139338747000000041e+01 -1.151722969499999194e-02
1.141004447000000077e+01 -7.987022325000009415e-03
1.142670146999999936e+01 -1.205837260000000577e-02
1.144335846999999973e+01 -9.306316949999976496e-03
1.146001547000000009e+01 -1.101488994999999527e-02
1.147667247000000046e+01 -1.970508680999996654e-02
1.149332947000000082e+01 -2.902263009999997423e-02
1.150998646999999941e+01 -3.827453031699996899e-02
1.152664346000000073e+01 -3.969131212999999631e-02
1.154330045999999932e+01 -4.160784600999996308e-02
1.155995745999999968e+01 -4.415655916999999819e-02
1.157661446000000005e+01 -3.520452558000005533e-02
1.159327146000000042e+01 -3.156162448999995374e-02
1.160992846000000078e+01 -1.821430048999996693e-02
1.162658545999999937e+01 -2.190777187000007842e-02
1.164324245999999974e+01 -2.635431649999998849e-02
1.165989946000000010e+01 -3.467496646999999876e-02
1.167655646000000047e+01 -4.580576505999996162e-02
1.169321346000000084e+01 -4.325590780000004854e-02
1.170987045999999943e+01 -4.246236280000001417e-02
1.172652745999999979e+01 -3.958783074999999707e-02
1.174318444999999933e+01 -2.391661770000003129e-02
1.175984144999999970e+01 -1.713881454999999221e-02
1.177649845000000006e+01 -1.102263055000002323e-02
1.179315545000000043e+01 2.905011950000035981e-03
1.180981245000000079e+01 1.824263499999978499e-03
1.182646944999999938e+01 2.546431359999989930e-03
1.184312644999999975e+01 -2.037484554999968722e-03
1.185978345000000012e+01 1.393144300000037639e-03
1.187644045000000048e+01 5.858857200000011645e-03
1.189309745000000085e+01 1.176615540000003346e-02
1.190975444999999944e+01 2.404637075000004565e-02
1.192641144999999980e+01 3.446941044999995984e-02
1.194306845000000017e+01 3.832950510000010524e-02
1.195972543999999971e+01 4.598986274999994350e-02
1.197638244000000007e+01 4.533479664999995329e-02
1.199303944000000044e+01 3.870779099999988038e-02
1.200969644000000081e+01 3.471371755000007830e-02
1.202635343999999940e+01 3.542721395000003604e-02
1.204301043999999976e+01 3.312757202499994058e-02
1.205966744000000013e+01 4.747128691999979999e-02
1.207632444000000049e+01 5.873297773500008034e-02
1.209298144000000086e+01 6.809173935000001343e-02
1.210963843999999945e+01 7.661065465000005403e-02
1.212629543999999981e+01 8.684934150000001019e-02
1.214295244000000018e+01 8.192883094999992011e-02
1.215960944000000055e+01 7.746630580000024580e-02
1.217626643000000008e+01 7.753929650000002116e-02
1.219292343000000045e+01 5.929084814999996400e-02
1.220958043000000082e+01 5.467175629999987407e-02
1.222623742999999941e+01 5.251318069999999505e-02
1.224289442999999977e+01 5.626753700000008962e-02
1.225955143000000014e+01 6.047621145000003917e-02
1.227620843000000050e+01 6.962570735000006561e-02
1.229286543000000087e+01 7.030708614999992001e-02
1.230952242999999946e+01 5.831885255000002211e-02
1.232617942999999983e+01 4.338154019999995725e-02
1.234283643000000019e+01 3.415906924999989602e-02
1.235949343000000056e+01 2.210961530000005171e-02
1.237615042999999915e+01 1.244337284999991189e-02
1.239280742000000046e+01 1.053047239999999052e-02
1.240946442000000083e+01 3.924854850000047968e-03
1.242612141999999942e+01 5.306204799999991728e-03
1.244277841999999978e+01 7.548294464999966147e-03
1.245943542000000015e+01 3.841124294999997968e-03
1.247609242000000052e+01 1.579504049999957971e-04
1.249274942000000088e+01 -9.699333725000008899e-03
1.250940641999999947e+01 -1.516211757500000173e-02
1.252606341999999984e+01 -2.203433162000000001e-02
1.254272042000000020e+01 -1.990336951100000681e-02
1.255937742000000057e+01 -2.250325719000000751e-02
1.257603441999999916e+01 -2.134897996000000020e-02
1.259269141999999952e+01 -2.281816570600000982e-02
1.260934841000000084e+01 -1.901673194600000255e-02
1.262600540999999943e+01 -1.810921526599998735e-02
1.264266240999999980e+01 -2.347760050000002527e-02
1.265931941000000016e+01 -2.760312049099998555e-02
1.267597641000000053e+01 -3.577859572200001864e-02
1.269263340999999912e+01 -3.980203428999996157e-02
1.270929040999999948e+01 -3.977724289000003632e-02
1.272594740999999985e+01 -3.674520588999999338e-02
1.274260441000000021e+01 -3.060489329999999120e-02
1.275926141000000058e+01 -1.937233550000005966e-02
1.277591840999999917e+01 -1.086039609999994715e-02
1.279257540999999954e+01 -8.829397750000078648e-03
1.280923240999999990e+01 -8.485766500000047063e-03
1.282588939999999944e+01 -6.282128100000061721e-03
1.284254639999999981e+01 -1.042986059999995163e-02
1.285920340000000017e+01 -1.892795394999990943e-02
1.287586040000000054e+01 -2.092803420000011183e-02
1.289251739999999913e+01 -2.733725489999994096e-02
1.290917439999999949e+01 -2.511827929999999043e-02
1.292583139999999986e+01 -1.766972965000002116e-02
1.294248840000000023e+01 -6.922697950000000766e-03
1.295914540000000059e+01 8.008114949999978194e-03
1.297580239999999918e+01 1.087687154999994465e-02
1.299245939999999955e+01 1.871846284449996123e-02
1.300911639999999991e+01 1.659534804499995797e-02
1.302577340000000028e+01 1.519143291000002449e-02
1.304243038999999982e+01 1.443468745000009434e-02
1.305908739000000018e+01 1.017973920000003751e-02
1.307574439000000055e+01 3.159542849999974479e-03
1.309240138999999914e+01 1.614000300000029142e-03
1.310905838999999951e+01 1.778845500000070246e-04
1.312571538999999987e+01 6.762296850000071302e-03
1.314237239000000024e+01 1.419280265000000263e-02
1.315902939000000060e+01 2.331317359999984795e-02
1.317568638999999919e+01 2.836431574999997984e-02
1.319234338999999956e+01 2.701010614999987958e-02
1.320900038999999992e+01 2.137704950000007820e-02
1.322565739000000029e+01 1.469965714999998951e-02
1.324231439000000066e+01 1.178464460000006042e-02
1.325897138000000020e+01 4.873601299999918979e-03
1.327562838000000056e+01 3.649436200000022446e-03
1.329228537999999915e+01 7.778779899999976877e-03
1.330894237999999952e+01 1.134640300000000490e-02
1.332559937999999988e+01 1.868961535000013274e-02
1.334225638000000025e+01 1.978700794999999069e-02
1.335891338000000061e+01 1.882097010000005621e-02
1.337557037999999920e+01 1.606172689999996184e-02
1.339222737999999957e+01 1.715774009999992966e-02
1.340888437999999994e+01 1.410166544999991167e-02
1.342554138000000030e+01 9.114314795000022507e-03
1.344219838000000067e+01 1.653001491000000156e-02
1.345885537999999926e+01 1.606201664999995504e-02
1.347551237000000057e+01 1.955813970000003232e-02
1.349216936999999916e+01 2.491896505000001927e-02
1.350882636999999953e+01 2.474453754999994537e-02
1.352548336999999989e+01 2.272143699999998323e-02
1.354214037000000026e+01 1.794854614999995268e-02
1.355879737000000063e+01 6.765632869999968491e-03
1.357545436999999922e+01 4.634703980000466628e-04
1.359211136999999958e+01 -4.522515909999972467e-03
1.360876836999999995e+01 1.580602000000021212e-03
1.362542537000000031e+01 7.024888960000051641e-03
1.364208237000000068e+01 1.583846416999997592e-02
1.365873936999999927e+01 2.479293228599992877e-02
1.367539636999999964e+01 2.396749639999994075e-02
1.369205335999999917e+01 2.165349442499994725e-02
1.370871035999999954e+01 5.953941149000057872e-03
1.372536735999999991e+01 -9.613675759999974757e-03
1.374202436000000027e+01 -1.531768984999997731e-02
1.375868136000000064e+01 -1.398669889999992755e-02
1.377533835999999923e+01 -1.838734930000016088e-03
1.379199535999999959e+01 8.284496400000007643e-03
1.380865235999999996e+01 1.810645694999996058e-02
1.382530936000000032e+01 1.667526819999998189e-02
1.384196636000000069e+01 1.631902395000001116e-02
1.385862335999999928e+01 1.105686359999996649e-02
1.387528035999999965e+01 4.937017650000041780e-03
1.389193734999999919e+01 -5.590631484999997181e-03
1.390859434999999955e+01 -5.994426050000001283e-03
1.392525134999999992e+01 -2.223675400000013624e-03
1.394190835000000028e+01 2.287128199999988176e-03
1.395856535000000065e+01 7.576344900000031579e-03
1.397522234999999924e+01 8.483480849999947004e-03
1.399187934999999960e+01 1.606500820000000829e-02
1.400853634999999997e+01 1.360107505000007766e-02
1.402519335000000034e+01 6.736539600000090999e-03
1.404185035000000070e+01 8.634783999998951742e-04
1.405850734999999929e+01 -6.285957000000008676e-03
1.407516434999999966e+01 -3.910235064999989518e-03
1.409182135000000002e+01 2.583736039999950940e-03
1.410847833999999956e+01 1.563601623999999468e-02
1.412513533999999993e+01 2.140955134500011070e-02
1.414179234000000029e+01 2.342490408499986465e-02
1.415844934000000066e+01 2.652372476000008916e-02
1.417510633999999925e+01 1.695069474999999493e-02
1.419176333999999962e+01 8.629019350000044497e-03
1.420842033999999998e+01 3.915207600000192301e-03
1.422507734000000035e+01 -4.391541500000206710e-03
1.424173434000000071e+01 -6.874257700000052651e-03
1.425839133999999930e+01 -2.440122000000100044e-03
1.427504833999999967e+01 -2.935052999999410162e-04
1.429170534000000004e+01 2.285905649999975253e-03
1.430836234000000040e+01 1.127640039999999733e-02
1.432501932999999994e+01 1.512360930000000714e-02
1.434167633000000031e+01 2.555798230000005944e-02
1.435833333000000067e+01 1.993635679999994359e-02
1.437499032999999926e+01 3.682390600000085001e-03
1.439164732999999963e+01 1.620606099999921668e-03
1.440830432999999999e+01 -8.816962100000047542e-03
1.442496133000000036e+01 -8.845727299999939230e-03
1.444161833000000073e+01 -1.416656234999996711e-02
1.445827532999999931e+01 -1.476350209999999219e-02
1.447493232999999968e+01 -7.139607054999996816e-03
1.449158933000000005e+01 -1.380700799999967643e-04
1.450824633000000041e+01 -5.988377835000058269e-03
1.452490333000000078e+01 -1.041571429000001658e-02
1.454156032000000032e+01 -1.619214747500000162e-02
1.455821732000000068e+01 -1.733743341499999202e-02
1.457487431999999927e+01 -2.148502345500000188e-02
1.459153131999999964e+01 -2.553707480549999298e-02
1.460818832000000000e+01 -2.115738256499999706e-02
1.462484532000000037e+01 -2.025730464999999508e-02
1.464150232000000074e+01 -2.088469680700000275e-02
1.465815931999999933e+01 -1.506591862599999596e-02
1.467481631999999969e+01 -1.658219905700000427e-02
1.469147332000000006e+01 -1.528217485999999736e-02
1.470813032000000042e+01 -1.958636073999999588e-02
1.472478732000000079e+01 -9.636699440000007222e-03
1.474144431999999938e+01 -9.575729674999991503e-03
1.475810131000000069e+01 -7.610712974999989111e-03
1.477475830999999928e+01 -5.722713441499993614e-03
1.479141530999999965e+01 -2.845686415000020508e-03
1.480807231000000002e+01 2.666576949999999169e-03
1.482472931000000038e+01 3.169496250000014559e-03
1.484138631000000075e+01 7.835468000000012090e-03
1.485804330999999934e+01 9.875075500000052298e-03
1.487470030999999970e+01 1.386161870000002239e-02
1.489135731000000007e+01 1.540151000000000714e-02
1.490801431000000044e+01 1.993239774999999714e-02
1.492467131000000080e+01 2.081088705000000427e-02
1.494132830999999939e+01 2.040974190000000021e-02
1.495798530999999976e+01 2.167596125000004204e-02
1.497464229999999930e+01 2.309789304999998460e-02
1.499129929999999966e+01 2.802535120000004820e-02
1.500795630000000003e+01 3.120207175000000444e-02
1.502461330000000039e+01 2.961153755000001109e-02
1.504127030000000076e+01 3.050273730000008232e-02
1.505792729999999935e+01 3.513501735000001958e-02
1.507458429999999971e+01 4.155128160000010062e-02
1.509124130000000008e+01 3.175900599999992302e-02
1.510789830000000045e+01 2.626194999999986734e-02
1.512455530000000081e+01 3.228322030000008169e-02
1.514121229999999940e+01 2.261565284999988990e-02
1.515786929999999977e+01 1.856222464999990329e-02
1.517452630000000013e+01 2.204928800000005573e-02
1.519118328999999967e+01 1.755931809999999871e-02
1.520784029000000004e+01 2.027419180000000765e-02
1.522449729000000040e+01 2.443281700000010659e-02
1.524115429000000077e+01 2.695774210000001503e-02
1.525781128999999936e+01 2.034353452499981785e-02
1.527446828999999973e+01 1.653719862500002691e-02
1.529112529000000009e+01 2.218175884999995517e-02
1.530778229000000046e+01 1.052453530000008186e-02
1.532443929000000082e+01 -2.141322849999904854e-03
1.534109628999999941e+01 -1.211807669999986903e-02
1.535775328999999978e+01 -9.071948450000033581e-03
1.537441029000000015e+01 -1.759950599999993148e-02
1.539106729000000051e+01 -1.019356839999996378e-02
1.540772428000000005e+01 -2.786454100000002043e-03
1.542438128000000042e+01 -2.052491149999946529e-03
1.544103828000000078e+01 6.418862699999916543e-03
1.545769527999999937e+01 6.880659750000073238e-03
1.547435227999999974e+01 1.692869200000002294e-03
1.549100928000000010e+01 -3.542955749999965320e-03
1.550766628000000047e+01 2.145079384999998284e-02
1.552432328000000084e+01 1.280263745000004283e-02
1.554098027999999942e+01 4.516689500000392599e-04
1.555763727999999979e+01 -3.166942499999714222e-04
1.557429428000000016e+01 -3.760673020000007694e-03
1.559095128000000052e+01 9.326607410000034570e-03
1.560760827999999911e+01 1.353621450000003917e-02
1.562426527000000043e+01 2.665376187000002839e-02
1.564092227000000079e+01 2.922818972000000223e-02
1.565757926999999938e+01 3.281474767499998474e-02
1.567423626999999975e+01 4.056771865000001476e-02
1.569089327000000011e+01 2.407972632500000876e-02
1.570755027000000048e+01 2.608548661500000032e-02
1.572420727000000085e+01 2.455597780999999036e-02
1.574086426999999944e+01 2.731765043000002058e-02
1.575752126999999980e+01 2.788245581999999195e-02
1.577417827000000017e+01 3.955055020999997256e-02
1.579083527000000053e+01 4.277955018000001441e-02
1.580749226999999912e+01 4.587446567999997615e-02
1.582414926999999949e+01 4.470541103999997601e-02
1.584080626000000080e+01 3.893174499999998983e-02
1.585746325999999939e+01 3.458874264999997616e-02
1.587412025999999976e+01 3.583662619999997134e-02
1.589077726000000013e+01 4.233093420000003104e-02
1.590743426000000049e+01 4.829584044999996051e-02
1.592409126000000086e+01 7.153880229999998175e-02
1.594074825999999945e+01 8.586431255000004370e-02
1.595740525999999981e+01 9.375675244999998048e-02
1.597406226000000018e+01 1.007283820500000093e-01
1.599071926000000055e+01 9.684752664999995986e-02
1.600737626000000091e+01 9.447670424999998762e-02
1.602403325999999950e+01 9.114908180000003135e-02
1.604069026000000164e+01 7.800465744999995898e-02
1.605734724999999941e+01 7.993054944999999911e-02
1.607400425000000155e+01 8.604590280000001812e-02
1.609066125000000014e+01 9.460813955000002551e-02
1.610731824999999873e+01 1.003962395499998772e-01
1.612397525000000087e+01 1.195768819500000468e-01
1.614063224999999946e+01 1.237169245499998294e-01
1.615728925000000160e+01 1.242103401550000985e-01
1.617394625000000019e+01 1.178049231904999550e-01
1.619060324999999878e+01 1.088860667550000105e-01
1.620726025000000092e+01 9.643731095000007691e-02
1.622391724999999951e+01 9.358425989999985539e-02
1.624057425000000165e+01 8.990533415000001582e-02
1.625723125000000024e+01 8.423333104999985999e-02
1.627388824000000156e+01 9.332106984999999355e-02
1.629054524000000015e+01 8.299790735000001085e-02
1.630720223999999874e+01 8.541430300000008025e-02
1.632385924000000088e+01 8.750400764999999303e-02
1.634051623999999947e+01 9.157128730000008154e-02
1.635717324000000161e+01 7.653407340000006887e-02
1.637383024000000020e+01 8.506422465000007538e-02
1.639048723999999879e+01 7.438581685000000832e-02
1.640714424000000093e+01 6.968519215000001932e-02
1.642380123999999952e+01 6.951349664999995071e-02
1.644045824000000167e+01 7.057517909999999617e-02
1.645711524000000026e+01 6.839182844999991406e-02
1.647377223999999885e+01 6.974757024999989063e-02
1.649042923000000016e+01 6.364444555000003945e-02
1.650708622999999875e+01 6.608649540000000044e-02
1.652374323000000089e+01 5.284420654999999467e-02
1.654040022999999948e+01 5.194987365000003354e-02
1.655705723000000162e+01 4.100875197999998001e-02
1.657371423000000021e+01 4.238621783000001697e-02
1.659037122999999880e+01 3.648267605000005132e-02
1.660702823000000095e+01 4.012449865000006222e-02
1.662368522999999954e+01 4.001058350000002983e-02
1.664034223000000168e+01 3.504891835000001343e-02
1.665699923000000027e+01 3.737935659999999660e-02
1.667365622999999886e+01 3.692409239999996928e-02
1.669031323000000100e+01 3.166149764999998117e-02
1.670697021999999876e+01 3.604207130000001980e-02
1.672362722000000090e+01 2.418700433999999150e-02
1.674028421999999949e+01 1.650492105999996212e-02
1.675694122000000164e+01 1.319734214000002626e-02
1.677359822000000023e+01 1.424811174999999694e-02
1.679025521999999881e+01 2.005874575999998244e-02
1.680691222000000096e+01 2.234263168000000244e-02
1.682356921999999955e+01 2.557185880400002220e-02
1.684022622000000169e+01 2.730756590000000747e-02
1.685688322000000028e+01 3.336446139999999644e-02
1.687354021999999887e+01 3.679383329000000813e-02
1.689019722000000101e+01 3.322919897999999927e-02
1.690685421999999960e+01 3.468603854999999236e-02
1.692351121000000091e+01 2.853101434999999464e-02
1.694016820999999950e+01 3.247248810000002983e-02
1.695682521000000165e+01 2.814888625000000477e-02
1.697348221000000024e+01 3.430583290499999993e-02
1.699013920999999883e+01 3.942590750999996896e-02
1.700679621000000097e+01 4.368991970000002389e-02
1.702345320999999956e+01 5.341691794999997578e-02
1.704011021000000170e+01 4.729955195000001833e-02
1.705676721000000029e+01 4.464587575000000808e-02
1.707342420999999888e+01 5.211591174999996579e-02
1.709008121000000102e+01 5.587842004999998835e-02
1.710673820999999961e+01 5.049374399999995155e-02
1.712339520000000093e+01 5.613305584999994657e-02
1.714005219999999952e+01 5.862220979999999138e-02
1.715670920000000166e+01 6.820035455000006408e-02
1.717336620000000025e+01 7.610918995000004461e-02
1.719002319999999884e+01 7.459910995000007539e-02
1.720668020000000098e+01 7.865338770000007695e-02
1.722333719999999957e+01 7.598646529999997234e-02
1.723999420000000171e+01 7.580869715000004838e-02
1.725665120000000030e+01 7.461429959999998918e-02
1.727330819999999889e+01 6.900775290000005224e-02
1.728996520000000103e+01 7.386875114499991124e-02
1.730662219999999962e+01 8.619159263500009160e-02
1.732327920000000177e+01 9.420265491499990596e-02
1.733993618999999953e+01 1.025659257000000046e-01
1.735659319000000167e+01 1.173514451999999597e-01
1.737325019000000026e+01 1.180156936000000822e-01
1.738990718999999885e+01 1.158213110000000379e-01
1.740656419000000099e+01 1.111887408999998605e-01
1.742322118999999958e+01 9.324633825000006038e-02
1.743987819000000172e+01 8.890598350000000760e-02
1.745653519000000031e+01 8.822713944999993618e-02
1.747319218999999890e+01 7.959956904999998528e-02
1.748984919000000104e+01 7.988081275000002979e-02
1.750650618999999963e+01 8.210128260000015832e-02
1.752316318999999822e+01 9.114082885000007739e-02
1.753982019000000037e+01 8.614699519999990951e-02
1.755647718000000168e+01 8.607644110000001181e-02
1.757313418000000027e+01 7.572237219999999880e-02
1.758979117999999886e+01 5.659656930000001029e-02
1.760644818000000100e+01 4.685466850000002959e-02
1.762310517999999959e+01 2.175767599999994806e-02
1.763976218000000173e+01 2.610991114999999807e-02
1.765641918000000032e+01 2.854428694999999738e-02
1.767307617999999891e+01 1.966815564999999100e-02
1.768973318000000106e+01 1.958962225000002166e-02
1.770639017999999965e+01 1.724992870000000011e-02
1.772304717999999824e+01 1.740422700000000822e-02
1.773970418000000038e+01 3.234856390000005744e-03
1.775636117999999897e+01 -5.561263234999998945e-03
1.777301817000000028e+01 -7.977215949999880151e-05
1.778967516999999887e+01 -1.053864952999999938e-02
1.780633217000000101e+01 -1.618800243000000083e-02
1.782298916999999960e+01 -1.224437401000000314e-02
1.783964617000000175e+01 -1.163247502999999877e-02
1.785630317000000034e+01 -1.523635146999998378e-02
1.787296016999999893e+01 -1.006152773699997387e-02
1.788961717000000107e+01 -1.870013314460002365e-02
1.790627416999999966e+01 -2.283597557499998307e-02
1.792293116999999825e+01 -2.982402135999999426e-02
1.793958817000000039e+01 -2.255987847999996188e-02
1.795624516999999898e+01 -5.687432449999946238e-03
1.797290217000000112e+01 1.272814399999994128e-02
1.798955915999999888e+01 2.033861455000002261e-02
1.800621616000000103e+01 2.870818969999999748e-02
1.802287315999999961e+01 1.734349284999997520e-02
1.803953016000000176e+01 1.146197614999999725e-02
1.805618716000000035e+01 7.594511999999997709e-03
1.807284415999999894e+01 8.586009450000098298e-03
1.808950116000000108e+01 4.287490750000011452e-03
1.810615815999999967e+01 9.939952200000101712e-03
1.812281515999999826e+01 2.006835544999996390e-02
1.813947216000000040e+01 3.224974440000005771e-02
1.815612915999999899e+01 4.691227104999995401e-02
1.817278616000000113e+01 5.891882070000009630e-02
1.818944315999999972e+01 6.765566950000001523e-02
1.820610015000000104e+01 5.550427390000001182e-02
1.822275714999999963e+01 6.253199259999986381e-02
1.823941415000000177e+01 6.488936590499994050e-02
1.825607115000000036e+01 7.063548492000004675e-02
1.827272814999999895e+01 6.168784038999997055e-02
1.828938515000000109e+01 6.185228640499995656e-02
1.830604214999999968e+01 6.769375219999984594e-02
1.832269914999999827e+01 6.805415610000009607e-02
1.833935615000000041e+01 6.181142660000005229e-02
1.835601314999999900e+01 7.906216799999987721e-02
1.837267015000000114e+01 8.457364959999980059e-02
1.838932714999999973e+01 9.555925359999983826e-02
1.840598414999999832e+01 9.355089890000001240e-02
1.842264113999999964e+01 8.772702100000007164e-02
1.843929813999999823e+01 9.462944675000006800e-02
1.845595514000000037e+01 8.540094154999999798e-02
1.847261213999999896e+01 8.534394430000002973e-02
1.848926914000000110e+01 8.356301524999998342e-02
1.850592613999999969e+01 8.300597675000009890e-02
1.852258313999999828e+01 8.371236594999997838e-02
1.853924014000000042e+01 8.796281570000008543e-02
1.855589713999999901e+01 8.580837904999993881e-02
1.857255414000000115e+01 8.401489014999996563e-02
1.858921113999999974e+01 8.066754441999995917e-02
1.860586813999999833e+01 7.690912493999996213e-02
1.862252514000000048e+01 6.752920675000001483e-02
1.863918212999999824e+01 7.153278450500000218e-02
1.865583913000000038e+01 5.638386464999994852e-02
1.867249612999999897e+01 6.369478520000002031e-02
1.868915313000000111e+01 5.934057639999998357e-02
1.870581012999999970e+01 5.330455489999999519e-02
1.872246712999999829e+01 5.590133644999997764e-02
1.873912413000000043e+01 4.765026025000002052e-02
1.875578112999999902e+01 5.670214240000001626e-02
1.877243813000000117e+01 5.895223104999999797e-02
1.878909512999999976e+01 5.697976461000001103e-02
1.880575212999999835e+01 3.535346024000002307e-02
1.882240913000000049e+01 3.015486403999998594e-02
1.883906612999999908e+01 4.242851165000002117e-02
1.885572312000000039e+01 4.118910287000000781e-02
1.887238011999999898e+01 3.566401605200002906e-02
1.888903712000000112e+01 4.067624809899999389e-02
1.890569411999999971e+01 3.891669651000004282e-02
1.892235111999999830e+01 4.070991562000000896e-02
1.893900812000000045e+01 4.616517181999998942e-02
1.895566511999999904e+01 4.219970639999995332e-02
1.897232212000000118e+01 4.203753239999999392e-02
1.898897911999999977e+01 3.899556284999999844e-02
1.900563611999999836e+01 3.450584805000003752e-02
1.902229312000000050e+01 2.879583065000004827e-02
1.903895011999999909e+01 2.763002514999995940e-02
1.905560712000000123e+01 1.907529499999999212e-02
1.907226410999999899e+01 1.311440375000000325e-02
1.908892111000000114e+01 2.068858230000003573e-02
1.910557810999999973e+01 1.930514820000006626e-02
1.912223510999999831e+01 3.050102310000002426e-02
1.913889211000000046e+01 3.835592794999986843e-02
1.915554910999999905e+01 4.890274169999997422e-02
1.917220611000000119e+01 3.925738944999990210e-02
1.918886310999999978e+01 3.209044084999990165e-02
1.920552010999999837e+01 3.741814880000005061e-02
1.922217711000000051e+01 2.663781820000010736e-02
1.923883410999999910e+01 1.351662354999993987e-02
1.925549111000000124e+01 1.557267824999997163e-02
1.927214810999999983e+01 1.467190434999987581e-02
1.928880510000000115e+01 1.569637289999992191e-02
1.930546209999999974e+01 3.007768524999998583e-02
1.932211909999999833e+01 3.012929344999992765e-02
1.933877610000000047e+01 3.961000539499992534e-02
1.935543309999999906e+01 4.631796101999996473e-02
1.937209010000000120e+01 5.342837540000000551e-02
1.938874709999999979e+01 5.481433205000008080e-02
1.940540409999999838e+01 4.528600200000010290e-02
1.942206110000000052e+01 4.072348954999993609e-02
1.943871809999999911e+01 4.712316699999985481e-02
1.945537510000000125e+01 4.974559270000011857e-02
1.947203209999999984e+01 5.730353560000001067e-02
1.948868909999999843e+01 6.018544184999985447e-02
1.950534608999999975e+01 6.598347505000001778e-02
1.952200308999999834e+01 7.261696220000002366e-02
1.953866009000000048e+01 7.815977389999995140e-02
1.955531708999999907e+01 8.402642780000002531e-02
1.957197409000000121e+01 7.010184259999996392e-02
1.958863108999999980e+01 7.084697755000002317e-02
1.960528808999999839e+01 6.390981360000003164e-02
1.962194509000000053e+01 7.053490172999998808e-02
1.963860208999999912e+01 6.916270190000006757e-02
1.965525909000000127e+01 7.711442729999995471e-02
1.967191608999999985e+01 8.949236469999999333e-02
1.968857308999999844e+01 8.508610985000003568e-02
1.970523009000000059e+01 8.614672294999997648e-02
1.972188707999999835e+01 7.665472025000003020e-02
1.973854408000000049e+01 7.856492365000000699e-02
1.975520107999999908e+01 5.634256750000002367e-02
1.977185808000000122e+01 5.026834229999996295e-02
1.978851507999999981e+01 5.344839380000002138e-02
1.980517207999999840e+01 5.370006070000002407e-02
1.982182908000000054e+01 6.180461340000002746e-02
1.983848607999999913e+01 7.495704529999995536e-02
1.985514308000000128e+01 7.501205770999998246e-02
1.987180007999999987e+01 6.860534412000000859e-02
1.988845707999999846e+01 6.035251891000000674e-02
1.990511408000000060e+01 5.188247632170002455e-02
1.992177107999999919e+01 4.452264478000002301e-02
1.993842807000000050e+01 2.107073257000001421e-02
1.995508506999999909e+01 2.843706692000003838e-02
1.997174207000000123e+01 3.381518257999990840e-02
1.998839906999999982e+01 3.852325496000000293e-02
2.000505606999999841e+01 5.704268844000004446e-02
2.002171307000000056e+01 5.779781890000001976e-02
2.003837006999999915e+01 6.888553410000006205e-02
2.005502707000000129e+01 5.939193614999999093e-02
2.007168406999999988e+01 6.625488754999997454e-02
2.008834106999999847e+01 6.242130084999997219e-02
2.010499807000000061e+01 6.027527055000003742e-02
2.012165506999999920e+01 5.976849935000000391e-02
2.013831206000000051e+01 5.175286179999993852e-02
2.015496905999999910e+01 5.763414579999998066e-02
2.017162606000000125e+01 6.242142410000001140e-02
2.018828305999999984e+01 6.482200020000006280e-02
2.020494005999999843e+01 6.887564386000000205e-02
2.022159706000000057e+01 7.752652725000008793e-02
2.023825405999999916e+01 7.372717794999994467e-02
2.025491106000000130e+01 7.372907584999999209e-02
2.027156805999999989e+01 7.099824889999994948e-02
2.028822505999999848e+01 7.427364845000006266e-02
2.030488206000000062e+01 7.343991494999990710e-02
2.032153905999999921e+01 7.227814960000000788e-02
2.033819606000000135e+01 7.005792850000003291e-02
2.035485304999999912e+01 7.901482710000018450e-02
2.037151005000000126e+01 7.159741069999991936e-02
2.038816704999999985e+01 7.316981415000012312e-02
2.040482404999999844e+01 7.421287675000010076e-02
2.042148105000000058e+01 7.409769900000018339e-02
2.043813804999999917e+01 6.804668200000008049e-02
2.045479505000000131e+01 7.004649000000018333e-02
2.047145204999999990e+01 7.209772049999996213e-02
2.048810904999999849e+01 3.323485589999997103e-02
2.050476605000000063e+01 6.872427130000002826e-02
2.052142304999999922e+01 3.720293619999992529e-02
2.053808005000000136e+01 5.117640204999995834e-02
2.055473704999999995e+01 9.953153905000000634e-02
2.057139404000000127e+01 1.397658184999994724e-02
2.058805103999999986e+01 1.515446544999998757e-02
2.060470803999999845e+01 1.444417650000007214e-02
2.062136504000000059e+01 1.141688735000001564e-02
2.063802203999999918e+01 9.371919299999920128e-03
2.065467904000000132e+01 9.225747600000056003e-03
2.067133603999999991e+01 1.103223824999999270e-02
2.068799303999999850e+01 6.122410649999965315e-03
2.070465004000000064e+01 5.899370299999984191e-03
2.072130703999999923e+01 2.693533349999999160e-03
2.073796404000000138e+01 5.716226499999921273e-04
2.075462103999999997e+01 3.617128349999998438e-03
2.077127803999999855e+01 -1.223153949999999934e-03
2.078793502999999987e+01 -1.344831399999968369e-03
2.080459202999999846e+01 -5.343937349999994257e-03
2.082124903000000060e+01 -5.244459565999948225e-03
2.083790602999999919e+01 2.270507664999948938e-03
2.085456303000000133e+01 -5.037296549999986661e-03
2.087122002999999992e+01 -7.746389499999992156e-03
2.088787702999999851e+01 -1.067389830999999900e-02
2.090453403000000066e+01 -1.867447345000001341e-02
2.092119102999999924e+01 -1.879101515999998667e-02
2.093784803000000139e+01 -1.581110012999999842e-02
2.095450502999999998e+01 -1.444036077000000057e-02
2.097116202999999857e+01 -5.328943460000002547e-03
2.098781903000000071e+01 4.894434019999990837e-03
2.100447601999999847e+01 9.190627600000028652e-03
2.102113302000000061e+01 1.505257642000001894e-02
2.103779001999999920e+01 1.214332785000003800e-02
2.105444702000000134e+01 1.299136782000002988e-02
2.107110401999999993e+01 7.526977600000026025e-03
2.108776101999999852e+01 4.564019200000046794e-03
2.110441802000000067e+01 1.980604199999944082e-03
2.112107501999999926e+01 6.608449900000035182e-03
2.113773202000000140e+01 9.848881100000012045e-03
2.115438901999999999e+01 2.368993499999993979e-02
2.117104601999999858e+01 3.262985210000002301e-02
2.118770302000000072e+01 4.424346485000002493e-02
2.120436001999999931e+01 5.496489050000002985e-02
2.122101701000000062e+01 6.324352770000007951e-02
2.123767400999999921e+01 6.008395844999997459e-02
2.125433101000000136e+01 5.797687205000001676e-02
2.127098800999999995e+01 5.056041079999995524e-02
2.128764500999999854e+01 4.539088004999991544e-02
2.130430201000000068e+01 4.530109994999997891e-02
2.132095900999999927e+01 4.886285355000008490e-02
2.133761601000000141e+01 4.416145895000012089e-02
2.135427301000000000e+01 5.398758545000004183e-02
2.137093000999999859e+01 5.715567054999992624e-02
2.138758701000000073e+01 6.736279430000002844e-02
2.140424400999999932e+01 6.722024260500003567e-02
2.142090101000000146e+01 6.480453849500011909e-02
2.143755799999999923e+01 6.206328707499997321e-02
2.145421500000000137e+01 5.247270939999992834e-02
2.147087199999999996e+01 4.237759760000003872e-02
2.148752899999999855e+01 4.346748800000010959e-02
2.150418600000000069e+01 3.094697990000017107e-02
2.152084299999999928e+01 2.321810654999989509e-02
2.153750000000000142e+01 3.230794559999994320e-02
2.155415700000000001e+01 3.396689459999979732e-02
2.157081399999999860e+01 2.661529909999993393e-02
2.158747100000000074e+01 2.039541455000004611e-02
2.160412799999999933e+01 1.134085520000005509e-02
2.162078500000000147e+01 6.271574100000010255e-03
2.163744200000000006e+01 2.554293399999907344e-03
2.165409899000000138e+01 -1.588759150000007558e-03
2.167075598999999997e+01 -6.004533899999997537e-03
2.168741298999999856e+01 -1.025627904999992790e-02
2.170406999000000070e+01 -6.971514149999857857e-03
2.172072698999999929e+01 -8.147786550000035710e-03
2.173738399000000143e+01 -4.975159055000011321e-03
2.175404099000000002e+01 -7.472277094999979496e-03
2.177069798999999861e+01 -2.967472775000001839e-02
2.178735499000000075e+01 -1.928637459999998915e-02
2.180401198999999934e+01 -3.960765235000002216e-02
2.182066899000000149e+01 -3.838090920000009065e-02
2.183732599000000008e+01 -3.103440744999996781e-02
2.185398298999999867e+01 -2.279864830000005727e-02
2.187063997999999998e+01 -1.666872395000001950e-02
2.188729697999999857e+01 -1.597350889999998858e-02
2.190395398000000071e+01 -1.101777789999996982e-02
2.192061097999999930e+01 -1.645177690000007575e-02
2.193726798000000144e+01 -2.233854740000001948e-02
2.195392498000000003e+01 -2.795652892999998806e-02
2.197058197999999862e+01 -3.363997492999999672e-02
2.198723898000000077e+01 -3.985099860500000007e-02
2.200389597999999935e+01 -3.380529711500000062e-02
2.202055298000000150e+01 -2.773496417299994160e-02
2.203720998000000009e+01 -1.863496187000002538e-02
2.205386697999999868e+01 -7.297083300000013761e-03
2.207052398000000082e+01 -3.914278399999956970e-03
2.208718096999999858e+01 9.174030099999994081e-03
2.210383797000000072e+01 1.156704969999999832e-02
2.212049496999999931e+01 1.254345789999999905e-02
2.213715197000000146e+01 5.653912300000063507e-03
2.215380897000000004e+01 7.592019199999966439e-03
2.217046596999999863e+01 7.290684000000324794e-04
2.218712297000000078e+01 5.133780249999997380e-03
2.220377996999999937e+01 8.932191249999943405e-03
2.222043697000000151e+01 1.797766205000000950e-02
2.223709397000000010e+01 2.675670424999998520e-02
2.225375096999999869e+01 3.398007335000008400e-02
2.227040797000000083e+01 3.722743065000005958e-02
2.228706496999999942e+01 4.876323734999998827e-02
2.230372196000000073e+01 4.913963794999998136e-02
2.232037895999999932e+01 4.726832585000007025e-02
2.233703596000000147e+01 5.229483494999986881e-02
2.235369296000000006e+01 4.722726135000010483e-02
2.237034995999999865e+01 4.929591809500000199e-02
2.238700696000000079e+01 5.808070823500000035e-02
2.240366395999999938e+01 6.092318930999995885e-02
2.242032096000000152e+01 7.032782984999985665e-02
2.243697796000000011e+01 7.290309299999986337e-02
2.245363495999999870e+01 7.274451789999991647e-02
2.247029196000000084e+01 7.267739740000012105e-02
2.248694895999999943e+01 7.425332209999990773e-02
2.250360596000000157e+01 6.841475650000017339e-02
2.252026294999999934e+01 6.200321534999986284e-02
2.253691995000000148e+01 6.198588769999990866e-02
2.255357695000000007e+01 6.081496299999988864e-02
2.257023394999999866e+01 5.814636464999978216e-02
2.258689095000000080e+01 6.035203574999981058e-02
2.262020495000000153e+01 6.189993989499997795e-02
2.263686195000000012e+01 6.466329642500001640e-02
2.265351894999999871e+01 6.290499425500017949e-02
2.267017595000000085e+01 6.977327852800008223e-02
2.268683294999999944e+01 5.080604834999991049e-02
2.270348995000000158e+01 4.314291245000001496e-02
2.272014695000000017e+01 3.267393520000005935e-02
2.273680394000000149e+01 2.396008960000006738e-02
2.275346094000000008e+01 1.990657824999997327e-02
2.277011793999999867e+01 1.834779669999997420e-02
2.278677494000000081e+01 1.860426640000012455e-02
2.280343193999999940e+01 1.667430189999996593e-02
2.282008894000000154e+01 1.968954695000002530e-02
2.283674594000000013e+01 2.005466805000000186e-02
2.285340293999999872e+01 1.921982030000002339e-02
2.287005994000000086e+01 1.341252469999992813e-02
2.288671693999999945e+01 5.672201849999947143e-03
2.290337394000000160e+01 -9.350180049999989862e-03
2.292003094000000019e+01 -1.829141220000002344e-02
2.293668793999999878e+01 -3.284789079999994588e-02
2.295334493000000009e+01 -3.856110359999995185e-02
2.297000192999999868e+01 -3.408177070000004139e-02
2.298665893000000082e+01 -3.310374802000001782e-02
2.300331592999999941e+01 -2.966841095000002926e-02
2.301997293000000155e+01 -2.299822599999992723e-02
2.303662993000000014e+01 -2.152888996999999249e-02
2.305328692999999873e+01 -2.401856133999995258e-02
2.306994393000000088e+01 -2.255573561999998922e-02
2.308660092999999947e+01 -2.938880481999999947e-02
2.310325793000000161e+01 -3.643338031299999530e-02
2.311991493000000020e+01 -4.059619350000004401e-02
2.313657192999999879e+01 -4.671571028999998293e-02
2.315322892000000010e+01 -4.402767925700003943e-02
2.316988591999999869e+01 -3.969467260000000830e-02
2.318654292000000083e+01 -3.300468668999999300e-02
2.320319991999999942e+01 -2.029793875000000802e-02
2.321985692000000157e+01 -1.233592509999997811e-02
2.323651392000000016e+01 -1.005578085000000121e-02
2.325317091999999874e+01 -9.615079349999999803e-03
2.326982792000000089e+01 -7.521971299999985483e-03
2.328648491999999948e+01 3.131006450000028973e-03
2.330314192000000162e+01 8.071710204999971161e-03
2.331979892000000021e+01 -6.302602500000142882e-04
2.333645591999999880e+01 1.832267455000002876e-02
2.335311292000000094e+01 2.863222244999996668e-02
2.336976990999999870e+01 3.718739225000000648e-02
2.338642691000000085e+01 3.981517035000003979e-02
2.340308390999999943e+01 4.853507165000003898e-02
2.341974091000000158e+01 4.450660179999998967e-02
2.343639791000000017e+01 4.809039754999999694e-02
2.345305490999999876e+01 4.789833475000004892e-02
2.346971191000000090e+01 5.015396610000000255e-02
2.348636890999999949e+01 6.449463322000004162e-02
2.350302591000000163e+01 7.541402978500000298e-02
2.351968291000000022e+01 8.560717527000005767e-02
2.353633990999999881e+01 9.173726381500002525e-02
2.355299691000000095e+01 9.215237360999983807e-02
2.356965390999999954e+01 8.651874199999998183e-02
2.358631090000000086e+01 8.782514364999993717e-02
2.360296789999999945e+01 8.289728895000003650e-02
2.361962490000000159e+01 7.454986940000007944e-02
2.363628190000000018e+01 7.265083959999996122e-02
2.365293889999999877e+01 7.231195369999998679e-02
2.366959590000000091e+01 7.838922459999986270e-02
2.368625289999999950e+01 8.503617050000000788e-02
2.370290990000000164e+01 9.191123699999992347e-02
2.371956690000000023e+01 9.419682359999992372e-02
2.373622389999999882e+01 9.153356174999993655e-02
2.375288090000000096e+01 8.934271984999997418e-02
2.376953789999999955e+01 7.664347914999991573e-02
2.378619490000000170e+01 6.609183310000010803e-02
2.380285188999999946e+01 5.739090059999996107e-02
2.381950889000000160e+01 4.957418219999998321e-02
2.383616589000000019e+01 4.351144979999999052e-02
2.385282288999999878e+01 4.035397359999992606e-02
2.386947989000000092e+01 4.420922529999993245e-02
2.388613688999999951e+01 4.645857035000000579e-02
2.390279389000000165e+01 5.235073350000002401e-02
2.391945089000000024e+01 5.170588370000001044e-02
2.393610788999999883e+01 4.722376274999995349e-02
2.395276489000000097e+01 4.268506204999999998e-02
2.396942188999999956e+01 2.474525260000001725e-02
2.398607889000000171e+01 2.115718715000003414e-02
2.400273589000000030e+01 1.435533634999996977e-02
2.401939288000000161e+01 1.150614489999997325e-02
2.403604988000000020e+01 1.276740174999999033e-02
2.405270687999999879e+01 1.966142426999997750e-02
2.406936388000000093e+01 2.011289084000002225e-02
2.408602087999999952e+01 1.443427102000004181e-02
2.410267788000000166e+01 1.935560950999998253e-02
2.411933488000000025e+01 1.557041381999996199e-02
2.413599187999999884e+01 1.097121624999999184e-02
2.415264888000000099e+01 7.428215999999994434e-03
2.416930587999999958e+01 7.317324889999997362e-03
2.418596288000000172e+01 5.268462329999987204e-03
2.420261988000000031e+01 1.041304406000001515e-02
2.421927687999999890e+01 9.330184149999989907e-03
2.423593387000000021e+01 1.041842174999998982e-02
2.425259086999999880e+01 1.179186590000000368e-02
2.426924787000000094e+01 1.628920631999997148e-02
2.428590486999999953e+01 1.594449758849997290e-02
2.430256187000000168e+01 1.346549040500000238e-02
2.431921887000000027e+01 1.884244700000003991e-02
2.433587586999999886e+01 1.670385069999996697e-02
2.435253287000000100e+01 2.138220820000003020e-02
2.436918986999999959e+01 2.138453220000002819e-02
2.438584687000000173e+01 2.411389880000003316e-02
2.440250387000000032e+01 2.669359059999998340e-02
2.441916086999999891e+01 2.832614699999991270e-02
2.443581787000000105e+01 3.220473950000002361e-02
2.445247485999999881e+01 3.802228644999994245e-02
2.446913186000000096e+01 4.459802769999998695e-02
2.448578885999999954e+01 5.107373715000007586e-02
2.450244586000000169e+01 5.056295809999988844e-02
2.451910286000000028e+01 5.047009769999999396e-02
2.453575985999999887e+01 5.100220005000000167e-02
2.455241686000000101e+01 5.560014220000009111e-02
2.456907385999999960e+01 5.551267054999986517e-02
2.458573086000000174e+01 4.895960249999986580e-02
2.460238786000000033e+01 5.273653129999988920e-02
2.461904485999999892e+01 5.794796284999992331e-02
2.463570186000000106e+01 6.295498394999987646e-02
2.465235885999999965e+01 6.451285804999984386e-02
2.466901585000000097e+01 7.271736589999999723e-02
2.468567284999999956e+01 7.585716885000004517e-02
2.470232985000000170e+01 7.404989039999998468e-02
2.471898685000000029e+01 6.981055029999994055e-02
2.473564384999999888e+01 6.682545820000007630e-02
2.475230085000000102e+01 5.928977690000014622e-02
2.476895784999999961e+01 5.431894878999998788e-02
2.478561485000000175e+01 5.433428184999999910e-02
2.480227185000000034e+01 5.385878505000007976e-02
2.481892884999999893e+01 5.127529684999998505e-02
2.483558585000000107e+01 5.729430810000002428e-02
2.485224284999999966e+01 6.231365049999992856e-02
2.486889984999999825e+01 6.627066739999998291e-02
2.488555683999999957e+01 7.406668289999995825e-02
2.490221384000000171e+01 7.491459600000005548e-02
2.491887084000000030e+01 6.007234365000002629e-02
2.493552783999999889e+01 4.592943739999999497e-02
2.495218484000000103e+01 4.256235489999993238e-02
2.496884183999999962e+01 3.441182830000000248e-02
2.498549884000000176e+01 3.091662790000004879e-02
2.500215584000000035e+01 3.699558789999990438e-02
2.501881283999999894e+01 3.921156080000004485e-02
2.503546984000000108e+01 4.710049150000000795e-02
2.505212683999999967e+01 5.474967440000005903e-02
2.506878383999999826e+01 5.380230930000001743e-02
2.508544084000000041e+01 5.240608559999995752e-02
2.510209783000000172e+01 4.753177949999991270e-02
2.511875483000000031e+01 3.939805422999997919e-02
2.513541182999999890e+01 2.009679209100000141e-02
2.515206883000000104e+01 1.700581389999997542e-02
2.516872582999999963e+01 1.872468107000001616e-02
2.518538283000000177e+01 3.629536614580006204e-02
2.520203983000000036e+01 3.324535917999998924e-02
2.521869682999999895e+01 4.577556323999998344e-02
2.523535383000000110e+01 4.168661497000002158e-02
2.525201082999999969e+01 4.526778820000001979e-02
2.526866782999999828e+01 3.876230214999996926e-02
2.528532483000000042e+01 2.475483724999999469e-02
2.530198182999999901e+01 2.265504109999999516e-02
2.531863882000000032e+01 2.337787158499998741e-02
2.533529581999999891e+01 2.274838973000001263e-02
2.535195282000000105e+01 2.829172605000002116e-02
2.536860981999999964e+01 2.415154225000004651e-02
2.538526681999999823e+01 1.203164254999999905e-02
2.540192382000000038e+01 3.033538405000002491e-02
2.541858081999999897e+01 1.151246910000003343e-02
2.543523782000000111e+01 9.433329399999967890e-03
2.545189481999999970e+01 8.739238950000061124e-03
2.546855181999999829e+01 7.312911650000031294e-03
2.548520882000000043e+01 8.234994199999956521e-03
2.550186581999999902e+01 1.563980058000002948e-02
2.551852282000000116e+01 2.440351060500001168e-02
2.553517980999999892e+01 3.255381269500001729e-02
2.555183681000000107e+01 3.118375475500001492e-02
2.556849380999999966e+01 2.875283172949993915e-02
2.558515080999999824e+01 2.508338522499997669e-02
2.560180781000000039e+01 2.124455294500005031e-02
2.561846480999999898e+01 1.321021804999988891e-02
2.563512181000000112e+01 1.216289134999992694e-02
2.565177880999999971e+01 1.038926234999992815e-02
2.566843580999999830e+01 1.969882345000018020e-02
2.568509281000000044e+01 2.310847184999986759e-02
2.570174980999999903e+01 3.285244435000000962e-02
2.571840681000000117e+01 3.981573725000009389e-02
2.573506380999999976e+01 4.506218250000015857e-02
2.575172080000000108e+01 4.321510315000010038e-02
2.576837779999999967e+01 3.797930330000021115e-02
2.578503479999999826e+01 2.717218824999989568e-02
2.580169180000000040e+01 2.200640944999998627e-02
2.581834879999999899e+01 1.216664214999996219e-02
2.583500580000000113e+01 1.360144579999988945e-02
2.585166279999999972e+01 1.915291594999990465e-02
2.586831979999999831e+01 3.017213720000000432e-02
2.588497680000000045e+01 3.655789305000001210e-02
2.590163379999999904e+01 4.353337819999991698e-02
2.591829080000000118e+01 4.097885039999993317e-02
2.593494779999999977e+01 3.260898695000002956e-02
2.595160479999999836e+01 2.246694254999997975e-02
2.596826178999999968e+01 2.249624124999999308e-02
2.598491878999999827e+01 1.548114645000003842e-02
2.600157579000000041e+01 1.521049929999995776e-02
2.601823278999999900e+01 1.296609170000001532e-02
2.603488979000000114e+01 1.880056930000001403e-02
2.605154678999999973e+01 2.139233025000000787e-02
2.606820378999999832e+01 2.971950949999996316e-02
2.608486079000000046e+01 3.592573579999999711e-02
2.610151778999999905e+01 3.448037760000000063e-02
2.611817479000000120e+01 3.140348129999995241e-02
2.613483178999999978e+01 2.767697014999997984e-02
2.615148878999999837e+01 2.446303817000004821e-02
2.616814577999999969e+01 2.271619669000000952e-02
2.618480277999999828e+01 1.354287389000004282e-02
2.620145978000000042e+01 1.161452266000004285e-02
2.621811677999999901e+01 1.316517145000001970e-02
2.623477378000000115e+01 1.844984253999996243e-02
2.625143077999999974e+01 2.355255250000004574e-02
2.626808777999999833e+01 2.727900104999995967e-02
2.628474478000000047e+01 3.311806649999995966e-02
2.630140177999999906e+01 3.704321940000002145e-02
2.631805878000000121e+01 3.089287210000007944e-02
2.633471577999999980e+01 2.893723629999994662e-02
2.635137277999999839e+01 2.634790175000006895e-02
2.636802978000000053e+01 2.272462424999999175e-02
2.638468676999999829e+01 1.767700165000002377e-02
2.640134377000000043e+01 2.059172920000001961e-02
2.641800076999999902e+01 2.354586939999997464e-02
2.643465777000000116e+01 2.868305225000006287e-02
2.645131476999999975e+01 4.003156039999988813e-02
2.646797176999999834e+01 4.631863179999995417e-02
2.648462877000000049e+01 5.033499624999993038e-02
2.650128576999999908e+01 5.157099254999997218e-02
2.651794277000000122e+01 4.812165880000007778e-02
2.653459976999999981e+01 4.289043829999994450e-02
2.655125676999999840e+01 3.291217874999996518e-02
2.656791377000000054e+01 3.151166815000006061e-02
2.658457076999999913e+01 2.440276520000006499e-02
2.660122776000000044e+01 2.299713639999989567e-02
2.661788475999999903e+01 2.569457624999993417e-02
2.663454176000000118e+01 3.004957414999998022e-02
2.665119875999999977e+01 4.270192469999978258e-02
2.666785575999999836e+01 4.707685604999989337e-02
2.668451276000000050e+01 4.828600255000004005e-02
2.670116975999999909e+01 4.618165585000011397e-02
2.671782676000000123e+01 4.290259994999989779e-02
2.673448375999999982e+01 3.680099455000007680e-02
2.675114075999999841e+01 2.570600885000007274e-02
2.676779776000000055e+01 1.639908384999988478e-02
2.678445475999999914e+01 1.094014215000005397e-02
2.680111176000000128e+01 1.446061059999992349e-02
2.681776874999999905e+01 1.985013390000001099e-02
2.683442575000000119e+01 2.487221779999992943e-02
2.685108274999999978e+01 3.259769289999991937e-02
2.686773974999999837e+01 3.050318600000001545e-02
2.688439675000000051e+01 2.747423134999993355e-02
2.690105374999999910e+01 2.502014314999989608e-02
2.691771075000000124e+01 1.751241424999994134e-02
2.693436774999999983e+01 1.122013980000002853e-02
2.695102474999999842e+01 2.307404749999908411e-03
2.696768175000000056e+01 2.756436899999936685e-03
2.698433874999999915e+01 3.340573724999962302e-03
2.700099575000000129e+01 9.782719520000038305e-03
2.701765274999999988e+01 1.264962327000002107e-02
2.703430974000000120e+01 1.321151443500001577e-02
2.705096673999999979e+01 1.595326906999999794e-02
2.706762373999999838e+01 1.735803689499998415e-02
2.708428074000000052e+01 1.286374440000001562e-02
2.710093773999999911e+01 6.666840050000011342e-03
2.711759474000000125e+01 2.437959850000004369e-03
2.713425173999999984e+01 1.081147320000000467e-02
2.715090873999999843e+01 7.754039199999993026e-03
2.716756574000000057e+01 2.511387870999999550e-02
2.718422273999999916e+01 2.037408330000001211e-02
2.720087974000000131e+01 3.917427568000002996e-02
2.721753673999999990e+01 3.633990154999999778e-02
2.723419373999999848e+01 3.692559504200002701e-02
2.725085072999999980e+01 3.587262268700002615e-02
2.726750772999999839e+01 3.279346275000000199e-02
2.728416473000000053e+01 3.270561307999995948e-02
2.730082172999999912e+01 3.423083196899999459e-02
2.731747873000000126e+01 3.769426642000005268e-02
2.733413572999999985e+01 4.557518809999989984e-02
2.735079272999999844e+01 5.324975750000005004e-02
2.736744973000000059e+01 6.065146259999995570e-02
2.738410672999999917e+01 5.984491680000003644e-02
2.740076373000000132e+01 6.180671349999997122e-02
2.741742072999999991e+01 5.939845069999999394e-02
2.743407772999999850e+01 5.036933649999997265e-02
2.745073473000000064e+01 4.509991829999998592e-02
2.746739171999999840e+01 4.028289720000000074e-02
2.748404872000000054e+01 4.569393900000001674e-02
2.750070571999999913e+01 5.178675884999994761e-02
2.751736272000000127e+01 6.100445290000000576e-02
2.753401971999999986e+01 7.264034429999999265e-02
2.755067671999999845e+01 8.582462744999996840e-02
2.756733372000000060e+01 8.543411379999998889e-02
2.758399071999999919e+01 8.636570245000008139e-02
2.760064772000000133e+01 7.984910070000006410e-02
2.761730471999999992e+01 6.902883004999993410e-02
2.763396171999999851e+01 6.667430750000002959e-02
2.765061872000000065e+01 6.464492745000016694e-02
2.766727571999999924e+01 6.445277540000005079e-02
2.768393271000000055e+01 6.533787209999997181e-02
2.770058970999999914e+01 7.226567760000013330e-02
2.771724671000000129e+01 7.913871630000013369e-02
