5.241423361039901363e-02
4.097472692999997584e-02
1.165307066199999936e-01
2.622414994999999749e-02
4.005254110000000534e-02
2.294190630000011999e-03
-2.305287755000002409e-02
-2.023511974000000158e-02
-1.248889351999994679e-02
-1.038586269999933198e-03
1.305576174000000478e-02
5.008532964999996839e-02
3.656719918000000957e-02
5.815438075000001206e-02
9.818360500000000712e-02
7.788188384499997174e-02
2.340970245000001393e-02
3.299586120000003175e-02
4.612878780000001511e-02
7.096985534999999956e-02
6.074889709999997667e-02
8.850704595000002950e-02
8.773196714999992318e-02
1.278531118000000300e-01
1.324078284499999869e-01
1.092348289999999222e-01
1.050112314795000890e-01
9.011539884999997252e-02
3.247494935000005967e-02
2.709429195000001567e-02
2.333099675000005480e-02
7.063711994499999314e-02
7.783590127000006298e-02
6.474674949999992268e-02
4.006641739999994289e-02
1.741856450000001111e-02
-7.171856949999888542e-03
-1.335278814999996122e-02
-1.149049779999999910e-02
-7.835482999999365816e-04
1.623943659999993461e-02
2.836277584999991053e-02
2.838197944999998334e-02
3.081152350000004869e-02
2.297804734999997489e-02
1.576897914999997319e-02
9.366870599999965741e-03
6.443832099999990959e-03
8.752057199999940806e-03
1.566550529999993779e-02
2.826340147999995001e-02
3.880436408499998713e-02
5.125581129500000888e-02
5.685333805000003515e-02
5.718887140000000757e-02
6.058892995000003667e-02
5.695275934999999290e-02
5.861986854999998164e-02
6.643774737499999472e-02
7.658802524999999695e-02
8.150655965999999142e-02
9.050548876000000242e-02
9.280034211999999005e-02
9.380929600000004198e-02
9.050070191999998181e-02
8.627678284999999725e-02
8.189007882000001737e-02
8.087908722000000661e-02
8.078296162000001002e-02
8.489407443999999470e-02
8.657333212000002665e-02
9.245203983299997430e-02
9.764305471600000230e-02
9.297324946499999077e-02
8.897295974999999690e-02
7.932542182999997860e-02
7.740804543000001647e-02
7.104805764999996831e-02
6.691925180000002360e-02
6.358236194999999924e-02
6.469575070000002648e-02
5.724060664999999770e-02
5.831072808000001273e-02
4.961008175499997952e-02
4.140139697500000437e-02
2.708937449999998526e-02
1.987830089999997885e-02
5.830596250000041891e-03
1.141161764999998329e-02
7.383509800000020995e-03
1.373295479999997459e-02
2.265089095000000219e-02
2.601998985000003595e-02
2.475347815000000784e-02
1.726551479999993699e-02
5.829089850000079842e-03
-4.335792300000029798e-03
-1.069953815000002084e-02
-6.678474750000051863e-03
3.001032899999978021e-03
2.269800395000010074e-02
4.508252479999996787e-02
5.537237320000010232e-02
6.928887540000006062e-02
7.312391610000001929e-02
6.995682012499992997e-02
9.112292195000004646e-02
8.623086314999994784e-02
9.275733834999999594e-02
8.339785934999999206e-02
1.128233201500000171e-01
1.079454638244999876e-01
1.406604458499999821e-01
1.244870009499999819e-01
1.143073698000000027e-01
1.237679451000000541e-01
1.042598968499999779e-01
9.417239454999998260e-02
9.075750285000000472e-02
1.085438316999999819e-01
1.390430408499999659e-01
1.524609708999999924e-01
1.216226347000000929e-01
1.135439779500000274e-01
1.166764358699999699e-01
7.971457239000000194e-02
6.799705065000001547e-02
5.012881935000000622e-02
2.347103647999997100e-02
3.368644841000002776e-02
6.664950764000003580e-02
7.131002356999997793e-02
9.055518305999996076e-02
8.401888019000003371e-02
7.115411434000000479e-02
5.626494956999999325e-02
4.424743536999997673e-02
4.466672396399998246e-02
4.975719317500006816e-02
6.416995403000001763e-02
7.653654481000005116e-02
9.420515031000001316e-02
1.002465687099999975e-01
9.807146009000000664e-02
9.742684743500000522e-02
1.092623928799999755e-01
1.395079757999999615e-01
1.301432133500000365e-01
1.388230270499999919e-01
1.351866320500000607e-01
5.799309985000006273e-02
5.647876360000006479e-02
6.392217955000004115e-02
5.502644949999996316e-02
4.541834724999993522e-02
2.321232095000003159e-02
7.848784549999932025e-03
-3.845763700000004448e-03
-8.113644350000059902e-03
-1.359511675000002473e-02
-1.036314394999993116e-02
-1.477134343499997282e-02
-2.153661925500005569e-02
-3.040728589999996956e-02
-3.892965035000006679e-02
-5.565303145000000118e-02
-6.395916729999995276e-02
-6.566009409999995494e-02
-6.018751145000000857e-02
-5.490323497499993710e-02
-4.993475432999994190e-02
-4.645440444999998642e-02
-4.549973089999997944e-02
-5.168696889999990773e-02
-6.259808629999996654e-02
-6.922020200000000845e-02
-6.958813400000002369e-02
-7.185075369999999184e-02
-6.367855054999999043e-02
-4.565550789999994752e-02
-3.346870265000001510e-02
-2.312150289999992392e-02
-1.441124939999990917e-02
-1.511751279999998254e-02
-2.108228020000005309e-02
-3.215654100000009397e-02
-3.990019049999990464e-02
-4.681869240000002819e-02
-4.897370360000000145e-02
-4.160016129999996592e-02
-3.125112084999996653e-02
-1.412900375000008396e-02
-2.305423640000005270e-03
9.796146330000005120e-03
1.158459346999995976e-02
9.290735599999960792e-03
-1.684150619999991161e-03
-1.455010347999999981e-02
-2.413693864999990474e-02
-3.053893535720004354e-02
-3.658697426999998198e-02
-3.023643640100000599e-02
-2.196474947000001676e-02
-1.439777580000000529e-02
-1.077569359999919207e-03
4.985056309999985613e-03
3.715998089999970888e-03
1.756577829999987628e-03
-1.306333522999993113e-02
-2.518934471000000563e-02
-3.869906759999999779e-02
-4.714086880000004087e-02
-5.107443159999999760e-02
-4.999623205000003345e-02
-3.929999089999997031e-02
-3.240510674999996787e-02
-2.750609204999993063e-02
-2.355916785000000679e-02
-3.177499304999997776e-02
-4.820083759999999051e-02
-5.803506795000001883e-02
-6.189972090000006588e-02
-5.698728255000007348e-02
-4.621608909999996850e-02
-4.486367440000005313e-02
-3.716679990000004707e-02
-3.754059033500001252e-02
-4.450533795500011269e-02
-4.379774424999993698e-02
-5.138663239999996524e-02
-5.298165910000007806e-02
-4.049713050000003367e-02
-3.118295865000009215e-02
-1.081161024999988118e-02
1.078905535000007632e-02
2.752545939999995195e-02
3.481348579999998805e-02
3.878963485000008760e-02
3.774461415000007758e-02
3.394445320000005761e-02
2.193590765000008602e-02
1.873285349999997962e-02
4.678265649999902021e-03
2.280957860000004667e-02
-2.604446999999732171e-04
-1.730847255000000917e-03
7.673437499999991029e-03
-1.858169149999977510e-03
-1.271978186500000163e-02
-2.317461630000003381e-02
-3.776106309999996413e-02
-4.033215179999996569e-02
-3.161775495000000713e-02
-2.168415563000004181e-02
-7.238485224999941653e-03
-1.719698199999959709e-04
7.826154869999959324e-03
8.058270680000013952e-03
-3.374378440000026791e-03
-3.674213090000003068e-03
-1.324957747000007902e-02
-1.295687994000000592e-02
-1.145333764999995410e-02
-1.986326089999990163e-03
-2.661005315999998011e-02
-2.987941983000000357e-02
-3.630560456000000991e-02
-4.367472881080000646e-02
-5.515035621000000110e-02
-6.377071234000000755e-02
-6.001247075000000486e-02
-4.819405704999997486e-02
-3.060739004999996071e-02
-1.492028071000006673e-02
5.132500669999998100e-03
1.297313510000006054e-02
1.004584479999998115e-02
9.730097699999967764e-03
3.607100099999982490e-03
-4.035536999999478347e-04
-4.551276500000034364e-03
3.863701649999939924e-03
1.681106205000004739e-02
2.576569630000002942e-02
3.802735844999999282e-02
4.144568184999997129e-02
3.444181965000003842e-02
2.325400784999998027e-02
8.600702550000116631e-03
1.423141748500000858e-03
-3.636115399999972908e-03
-8.106971400000051453e-03
-8.552540249999962541e-03
-1.194707115000004372e-02
-1.259942869999997050e-02
-1.214119990000006588e-02
-1.541966555000007233e-02
-2.175328129999998250e-02
-1.854585474999992378e-02
-2.956755332499994005e-02
-3.437933475999999100e-02
-2.624350624999999271e-02
-1.275717085000005468e-02
-1.201036010000000598e-02
-9.449216099999935281e-03
-1.880959620000000054e-02
-2.618019715000008407e-02
-3.307719159999999992e-02
-2.974051165000002328e-02
-2.688316834999993077e-02
-1.755771125000005206e-02
-5.984557799999956629e-03
1.103646699999988323e-03
8.118888669999949070e-03
9.731271519999987185e-03
4.432815569999998262e-03
-8.248483300000303275e-04
-8.260993950000017350e-03
-1.396974905000006317e-02
-1.639692524999998569e-02
-1.729883869000002801e-03
3.668567360000006550e-03
1.878941793999998333e-02
2.024831769000001724e-02
2.256733165000002206e-02
1.657873288000001610e-02
1.467357239999994567e-02
1.103700933999999384e-02
1.702397498999991959e-03
-4.358686549999976623e-03
-2.073850340000026743e-03
2.873381600000043945e-04
4.504229130000009240e-03
1.036256377999999340e-02
1.146793629000000814e-02
3.035000315000008220e-03
3.756614734999996763e-03
-3.507665165000006802e-03
1.120994089999993726e-03
4.573361049999835615e-04
1.959105950000039620e-03
4.001349799999998069e-03
6.788867349999949674e-03
1.107774240000003463e-02
1.572200270000001510e-02
1.249774985000007277e-02
7.251619950000010029e-03
-3.126634999999766684e-04
-5.088915600000021300e-03
-8.155909050000076377e-03
-9.532056899999918897e-03
-4.892489650000109158e-03
3.209853399999906820e-03
1.576665074999994420e-02
2.701619029999990929e-02
1.839952529999999697e-02
1.058373180000005132e-02
-7.462643749999942067e-03
-3.991828539999997538e-02
-4.843536810000004245e-02
-5.055879515500005805e-02
-4.965348987500006750e-02
-4.783107609999992516e-02
-4.555491595000005223e-02
-5.694846854999996433e-02
-5.989165411500002589e-02
-7.044271264999996118e-02
-8.829385150000002014e-02
-7.294868435000001483e-02
-5.768899929999993237e-02
-4.868189259999997076e-02
-9.165888100000074701e-03
-8.661275200000012608e-03
-1.506759470000001988e-02
-3.130480060000004339e-02
-2.808172180000004237e-02
-2.531369290000004546e-02
-1.584453507000006811e-02
-2.311108350000014300e-03
6.637633650000016039e-03
5.833755820000036119e-03
2.131804058999998974e-02
9.892912549999979821e-03
-1.241062770000023185e-03
1.165741500000067044e-04
-3.638438314999992151e-03
-3.448738245000006197e-03
6.068596239999987652e-03
1.461477961000001713e-02
1.743407953000000732e-02
1.123937057000003875e-02
1.373346709000002747e-02
1.400805476699997464e-02
5.206852800000071058e-03
7.448686799999992836e-03
6.127162699999938456e-03
1.277761280000003219e-02
2.020259619999997813e-02
3.030147329999999251e-02
3.793579340000002853e-02
4.626663669999994677e-02
3.169480355000003913e-02
2.602671200000017393e-03
-3.207531250000006384e-03
-1.470122150000002792e-02
-1.276250859999983334e-02
-1.552908365000005286e-02
-1.131931515000006438e-02
-6.887489550000069904e-03
-7.366808150000014876e-03
-1.447326599999909646e-03
-1.163548525000002165e-02
-2.649144074999998377e-02
-4.156329386000001680e-02
-4.790780809000005913e-02
-5.293228516999992639e-02
-4.918686179999998132e-02
-4.664190305000004422e-02
-5.101784594999991818e-02
-4.581333944999999019e-02
-4.453750604999995311e-02
-4.620254329999995413e-02
-4.454542155000007497e-02
-4.839851940000000630e-02
-5.055167010000000127e-02
-5.086576009999999037e-02
-4.926895460000002558e-02
-4.460503899999995747e-02
-5.102797814999998627e-02
-4.520405804999999555e-02
-4.460598700000001360e-02
-4.123968314499998344e-02
-3.589046365999998267e-02
-3.813530165250003656e-02
-2.695194844500001241e-02
-2.631150395000000919e-02
-2.417155365000001055e-02
-2.323841374999999210e-02
-2.115646647999999685e-02
-2.313359980000002925e-02
-2.248107214000001630e-02
-1.634059386000001612e-02
-4.606633679999984007e-03
2.765980949999996552e-03
1.203120304999997364e-02
2.290490741000000136e-02
2.541366497000000640e-02
1.802960296999995410e-02
1.088681745000008756e-02
8.698872939999990894e-03
8.109624710000068459e-03
1.131981253000007015e-02
1.944657508999997342e-02
3.597821471000005322e-02
4.658776448000002957e-02
5.331524143999994553e-02
5.637698930999993085e-02
4.907320989999998384e-02
4.013445610000002106e-02
2.762771709999994885e-02
1.743977690000003689e-02
8.267375399999943308e-03
4.190168150000006531e-03
1.142120189999995539e-02
1.736667775000000358e-02
2.584396099999997087e-02
3.321289815000000312e-02
2.405596390000003248e-02
2.747678549999998943e-02
1.587893866999995351e-02
-5.048086500000215082e-04
-1.280052554999999703e-02
-2.325162269999991871e-02
-2.688273095000004442e-02
-2.399514024999993556e-02
-1.938687500000002562e-02
-1.674088525500005975e-02
-1.500438159999994969e-02
-2.455556254999990973e-02
-3.725978824999998107e-02
-4.486072220000003608e-02
-5.448200434999994624e-02
-5.653865595000007183e-02
-5.457818670000003092e-02
-4.668877284999994881e-02
-3.611808220000006786e-02
-2.615240064999996283e-02
-2.034141830000008033e-02
-1.877131194999998032e-02
-2.842196825000004035e-02
-3.199284935000007435e-02
-4.394881120000004859e-02
-4.870149284999997219e-02
-4.482245094999992574e-02
-4.747515269999996734e-02
-3.332521474999999844e-02
-3.322405124999999737e-02
-2.833357255000001906e-02
-3.599413159000000584e-02
-2.791387400500000560e-02
-2.600369309000000184e-02
-3.823635790000000367e-02
-2.025387064999997766e-02
-1.039332390000001494e-02
7.129105039999993065e-03
2.662422631399997616e-02
3.504550249999999201e-02
4.265923495000005505e-02
3.567761426000008729e-02
3.005748375599992528e-02
2.140790498999993116e-02
1.788777056999991261e-02
2.042291016999994019e-02
2.850603190000001314e-02
4.042255428999994016e-02
4.884674773499996653e-02
5.797630065900007124e-02
5.926131669999994134e-02
6.017527453500005896e-02
5.344027996000003111e-02
4.406432123000003642e-02
3.332021484999997396e-02
1.948893374999999262e-02
1.505524450000000902e-02
1.210331895000005265e-02
2.031300955000003849e-02
2.383961250000005139e-02
2.136000379999997145e-02
2.694170685000002452e-02
2.168839059999999597e-02
1.342432274999993957e-02
7.973941880000057214e-03
-5.648360605000013468e-03
-1.028103749999953465e-03
-6.475862700000001304e-03
-1.261072905000004685e-02
-3.917659500000003625e-03
-8.148728950000072579e-03
-2.946035899999976948e-03
-2.496335500000723684e-04
-9.629013299999988895e-03
-1.047412609999998079e-02
-1.024666095000004162e-02
-7.676996350000075964e-03
-1.313503279999994611e-02
-9.914586850000017826e-03
-7.765663899999997177e-03
-1.393307114999997598e-02
-1.005698589999992620e-02
-9.208369099999946794e-03
-4.923620900000036382e-03
-9.399104000000213510e-04
6.818642299999955192e-03
1.771351524999997817e-02
1.118920940000045494e-03
6.890020284999964773e-03
2.973608980000042035e-03
1.375462750000000511e-03
7.643104000000011666e-03
8.393094000000156374e-04
6.115406599999984039e-03
5.204127000000030590e-03
2.106206115000000545e-02
3.223969443999996631e-02
2.907756039999999376e-02
3.687393696999998610e-02
3.642460104000003196e-02
3.087776844999998507e-02
2.670712531999993450e-02
2.314062895000000564e-02
2.097778083000009092e-02
1.802793275999999001e-02
2.381605016999998117e-02
3.571945196259992267e-02
4.299315574000001083e-02
6.034687692000005599e-02
6.099346689999990412e-02
5.734230109000004738e-02
5.067211084000002724e-02
3.770135245999997609e-02
2.692522700000005154e-02
1.575059319999994045e-02
1.749381419999995746e-02
1.778302060000000462e-02
1.589464870000006913e-02
1.661308179999992918e-02
2.232054505000002909e-02
1.654514044999999545e-02
1.000606164999995329e-02
-1.756590045000000488e-02
-2.317856650499999782e-02
-4.042324474999997586e-02
-4.188798329999998682e-02
-5.058524895000005017e-02
-3.359836259999998687e-02
-4.347832285000002850e-02
-3.896767699649994476e-02
-4.423623830000000812e-02
-5.290213134999999234e-02
-6.470764694999997513e-02
-6.758601254999996311e-02
-5.571262450000002975e-02
-4.790327655000015117e-02
-3.482967385000002025e-02
-2.973597220000001595e-02
-2.456434419999997676e-02
-2.073242390000007429e-02
-3.075721370000006338e-02
-3.490961804999992424e-02
-4.471517359999988006e-02
-4.775372835000002425e-02
-4.055396910000008681e-02
-3.530671504999999266e-02
-2.289672625000005457e-02
-9.598273400000023603e-03
-3.761477700000070978e-03
1.587777220000002876e-02
1.198412089999995045e-02
1.190555990000002895e-02
9.526952114999986954e-03
2.355218545000004049e-02
2.237291360000004392e-02
3.938356828000000309e-02
1.783683078000000699e-02
1.587111003999999714e-02
2.714161986000000748e-02
1.582098015999998386e-02
1.191847238999998310e-02
1.034250918000000768e-02
1.232529367000004261e-02
1.658327660000003326e-02
3.021149413999995453e-02
4.041180749999992439e-02
5.105061023999989123e-02
5.170369245000001890e-02
5.571735951000000853e-02
5.314624947999996296e-02
4.177757528000003440e-02
2.747025582000007723e-02
2.433147157000008914e-02
2.450831356000002237e-02
2.550573374999995369e-02
2.801741642999999726e-02
3.907760509000007820e-02
4.245175754000002355e-02
5.182317070999994946e-02
5.475026682999993566e-02
4.663515469999993113e-02
3.708528449999998200e-02
2.562508305000002484e-02
1.389647824999995507e-02
7.806754499999957186e-03
3.235660249999994242e-03
3.017974799999989521e-03
1.298674939999999722e-02
1.898520529999997430e-02
2.553605785000001571e-02
3.075885815000001244e-02
3.365485855000005522e-02
2.453300840000000038e-02
2.189149820000002578e-02
1.537628649999955854e-03
-8.955427450000108536e-03
-6.837857349999976186e-03
-9.687707599999928476e-03
-3.249169099999948962e-03
1.076975780000000160e-02
1.854715225000003187e-02
2.145902965000001661e-02
2.001900964999991928e-02
1.718931704999993038e-02
1.035109844999992923e-02
2.759212200000082937e-03
-9.633953600000078055e-03
-6.122687850000030352e-03
-1.639649999999992502e-03
3.933003500000031849e-03
1.365140859999997014e-02
2.280685604999999061e-02
3.303533265000002661e-02
3.851498344999998436e-02
3.824887539999993757e-02
3.483146880000004275e-02
3.042704070000001870e-02
1.295509959999996408e-02
1.478701140000002190e-02
6.962146700000088062e-03
1.765265219999995194e-02
2.386791539999999490e-02
2.144113477000000878e-02
3.917148127999998258e-02
3.625653307599994296e-02
4.333488658999995469e-02
4.805623821000001850e-02
3.298502629999999075e-02
2.977277643000000862e-02
1.629362637999996755e-02
1.278596267999999522e-02
1.595239741999998628e-02
2.090279185000000484e-02
1.049263311049999925e-02
1.613295224999999888e-02
-9.881384871999982639e-03
-5.836623869999998243e-03
-1.585287730999999228e-02
-1.807502272999997328e-02
-2.187414827000000450e-02
-1.293730301999997112e-02
-7.071367999999966791e-03
3.071256250000001242e-03
1.319028949999995204e-03
-3.893819399999970399e-03
-1.436172680000002977e-02
-2.963210469999999486e-02
-4.384775760000003686e-02
-5.665380064999997467e-02
-5.912706600000006141e-02
-5.422303415000001570e-02
-5.061023024999994346e-02
-3.878835004999997560e-02
-3.393328335000006524e-02
-3.846489420000004378e-02
-3.741685720000009763e-02
-5.384612089999996076e-02
-6.658750025000004236e-02
-6.800642435000003871e-02
-8.413578784999997673e-02
-8.370054737999998995e-02
-8.119353355000002992e-02
-8.390771230000004799e-02
-6.618751219999996493e-02
-6.919933904999997498e-02
-5.476100815000006783e-02
-5.820515334999998291e-02
-6.493319295000010705e-02
-4.967688385000001983e-02
-4.915027008499994743e-02
-3.180262985000004150e-02
-1.757752094999998072e-02
6.077197049999982781e-03
2.280263599999943214e-03
-2.883042350000031284e-03
-1.791086100000005565e-03
-7.000377400000035166e-03
-6.981252500000145744e-04
3.952284849999987415e-03
9.530892099999965783e-03
2.284700640000006389e-02
3.456162229999992785e-02
3.659849940000001189e-02
5.061006701999999635e-02
5.155047426000002042e-02
4.548413426000003090e-02
3.942429405000000969e-02
2.742771575999994327e-02
1.830944040000004325e-02
1.292128248999992179e-02
1.757621477999996018e-02
2.789964549000005165e-02
2.611220777149999422e-02
3.699059696000001063e-02
4.111535661000002839e-02
4.325925903999999073e-02
3.957482427000003078e-02
3.810774762000003479e-02
2.859060739499994647e-02
1.928600183000000329e-02
9.442447610000070934e-03
4.138953180000015664e-03
-1.658441450000006090e-03
7.971269300000013991e-03
1.302774174999998813e-02
1.182107935000004106e-02
1.586711624999995185e-02
1.267948804999996515e-02
6.803816449999999794e-03
1.077582594999998422e-02
-9.767412499999683639e-04
-9.580720250000007709e-03
-2.155423904999992368e-02
-2.484226709999998173e-02
-1.428392579999998580e-02
-1.614070075000006987e-02
-4.798471400000003939e-03
-3.208277099999989890e-03
2.249813999999905612e-04
7.050312399999980606e-03
6.222313549999969329e-03
-1.481058150000102991e-03
-5.362541050000002585e-03
-1.442189785000003166e-02
-1.537937244999998398e-02
-1.624325370000001545e-02
-1.690609489999994608e-02
-1.648786930000001316e-02
1.362712499999307880e-04
2.807391899999900353e-03
1.614279120000006174e-02
2.061763194999999271e-02
2.349264460000000110e-02
1.706359584999994627e-02
5.942811749999998838e-03
-6.244307449999930704e-03
-7.448571800000025611e-03
-1.150502744999998272e-02
-8.490813249999951129e-03
1.120250499999975169e-03
1.161058750000004691e-02
1.824572295000004285e-02
2.692986564999994004e-02
3.060934879999996361e-02
1.749124984999997356e-02
4.796924000000091226e-04
-1.137950779999996609e-02
-1.794987080000001733e-02
-2.146707400000000265e-02
-2.561036189999998935e-02
-2.608746291000002548e-02
-1.756430706999999314e-02
-2.321959944999999609e-02
-2.866062568999999671e-02
-5.006750091999999375e-02
-5.650590957999999941e-02
-5.831495249999998909e-02
-5.900969645000000291e-02
-5.998140621999999145e-02
-2.901953074399999527e-02
-1.925965251000002001e-02
-4.202948224999997207e-02
-4.363530893999995747e-02
-4.994595210000003782e-02
-5.773936790000000485e-02
-5.895417010000006397e-02
-5.375585609999999903e-02
-4.698608100000009613e-02
-3.787632370000004745e-02
-3.030095329999998865e-02
-2.852051019999998771e-02
-2.284997639999997165e-02
-2.712929899999994010e-02
-3.292086064999999451e-02
-4.235664420000007091e-02
-5.180432564999998268e-02
-4.929604174999996369e-02
-4.210212804999996505e-02
-3.719739080000006304e-02
-3.023594604999996216e-02
-1.827130485000000304e-02
-1.203328004999992817e-02
-1.573344606800003431e-02
-1.359163515000005873e-02
-2.286050849999998746e-02
-3.078901720000004616e-02
-1.939508509999998687e-02
-1.918086879999991723e-02
-2.913571234999989823e-02
-1.091554475000000579e-02
-1.914268475000002745e-02
-1.182715210500007164e-02
-1.472256890000001039e-02
-1.906271665000003335e-02
-1.119975834999997755e-02
-1.484084094999993386e-02
-7.401008000000042220e-03
4.488633650000017905e-03
1.610999694999998288e-02
1.788641274999996922e-02
1.923079184999992863e-02
1.445709904999997741e-02
1.770104060000005086e-02
1.067368855000000449e-02
3.221771449999966119e-03
2.419770999999959482e-03
-3.138900000000111046e-04
1.127638609999992436e-02
2.884411014000005935e-02
4.295627186000006148e-02
4.892955323199996848e-02
4.392759775999992983e-02
3.023515678000003593e-02
2.674230665999998910e-02
1.827223194999999523e-02
2.028360292000005310e-02
2.002480880999993329e-02
3.566334144999999678e-02
4.599306279999999802e-02
5.115767318000003644e-02
5.230942712000004324e-02
5.146849838000003285e-02
2.660470048000006249e-02
1.998713780000002660e-02
1.231189839999996538e-02
1.048925339999998152e-02
1.196872139999993756e-02
1.984769620000001455e-02
2.546617640000001237e-02
3.783000340000000628e-02
4.059031399999996070e-02
3.777847510000004183e-02
2.994076364999997963e-02
2.185324590000004008e-02
8.856556999999987134e-03
2.471012049999998794e-03
-7.539177300000088344e-03
-7.755957949999947587e-03
-1.231673250000064890e-03
4.459220999999957691e-03
2.684170049999989871e-03
1.633053174999998802e-02
2.194656389999993795e-02
1.749841320000000700e-02
1.303155845000003588e-02
4.976849300000085741e-03
2.035143649999904270e-03
-5.225634149999991429e-03
-1.466447610000010116e-02
-2.417439580000002586e-02
-2.453950741999999519e-02
-1.570847573000000441e-02
-7.658261265000021467e-03
-7.215628599999968085e-03
-1.151914044999996500e-02
-7.383263199999989812e-03
-1.704553634999994571e-02
-1.396241035000000963e-02
-1.484235910000003544e-02
-1.683199154999998060e-02
-1.210930642999996643e-02
-6.934185000000037125e-03
-1.158763629999998157e-02
-1.971042114999999040e-02
-3.432658094999999077e-02
-4.044739595000004795e-02
-4.090805365000002580e-02
-5.339525775000000807e-02
-4.926061299999995313e-02
-5.847960684999992109e-02
-6.059667040000003835e-02
-4.079201973000004533e-02
-3.726607483999996862e-02
-2.012476549699998216e-02
-1.538542321000007165e-02
-9.674500600000024431e-03
-1.555193765000002434e-02
-2.649919489700002656e-02
-2.760550961000001260e-02
-3.727333625999999789e-02
-3.748581692999999188e-02
-3.558888111999992249e-02
-2.139746939199992093e-02
-6.506030089000025551e-03
-1.214076730000003372e-02
-2.421449020999999827e-02
-3.323600611999999455e-02
-4.983135995000000096e-02
-6.607535274999998265e-02
-5.224876095000000054e-02
-5.572835574999998598e-02
-4.780431880000002298e-02
-4.319094155500000087e-02
-3.137193204999999541e-02
-2.420651060000000854e-02
-3.407074635000001406e-02
-3.262815634999999270e-02
-3.164940205499999770e-02
-2.724828825494995943e-02
-3.357264166500001368e-02
-1.701430770000000869e-02
-4.274519349999950091e-03
-9.610975100000029858e-03
8.272106549999991287e-03
1.190531665000005290e-02
1.713806789999994251e-02
1.879338019999998721e-02
6.957318949999957702e-03
5.929515449999978038e-03
4.823281299999981897e-03
2.892657799999920343e-03
1.292916669999988333e-02
2.141146920000003284e-02
3.045260929999993316e-02
3.814230029999998717e-02
4.642255064999989411e-02
4.791139420000001259e-02
5.111266524999991123e-02
4.436670544999998800e-02
3.982267844999998196e-02
3.497640415000002889e-02
2.961036699999997079e-02
2.416529124999999834e-02
3.194060375000001839e-02
3.946560975000001914e-02
4.845336239999997741e-02
5.339577789999999657e-02
6.183262294999997133e-02
6.671642685000001016e-02
7.192431424999995437e-02
6.677582220000008451e-02
6.362095005000001358e-02
5.492654515000003346e-02
4.914303330000002745e-02
4.669053279999998973e-02
4.850329284999999047e-02
5.970055974999992354e-02
6.872356822000005860e-02
7.768244808000002166e-02
8.330072963699999833e-02
8.498026718000005475e-02
8.656431954000001761e-02
8.431375491999995586e-02
7.112049045200000141e-02
6.247934600000000505e-02
6.020333116000009532e-02
6.006258310000003875e-02
5.567392933000004512e-02
6.283388417000002057e-02
6.715794486000001284e-02
7.534489617099998648e-02
7.586063623799990663e-02
8.035288746000006366e-02
7.546308580000000987e-02
7.062309186999991828e-02
5.392181780000002145e-02
5.038851489999998656e-02
3.897089379999998937e-02
3.472555194999998873e-02
3.311700355000002371e-02
4.104971044999999874e-02
5.131914754999999939e-02
5.336047675000005208e-02
5.409777780000007974e-02
4.398837869999999706e-02
3.929162740000002874e-02
3.100462284999999651e-02
2.179961095000004789e-02
1.114069584999999307e-02
4.526418450000013749e-03
3.313261949999923850e-03
7.655009000000045916e-03
5.597848650000014636e-03
7.531486950000054748e-03
1.565373215499998860e-02
1.178378788000000732e-02
7.093303804999950835e-03
-9.304546700000027037e-03
-2.056466769999998334e-02
-3.880032669999999850e-02
-4.180046690000005505e-02
-2.854137805000001027e-02
-3.909038534999997871e-02
-3.334133499999991646e-02
-3.654899605000005991e-02
-3.781097760000001751e-02
-5.845297450189995692e-02
-7.041248100000002674e-02
-6.443944385000005548e-02
-7.555534885000003698e-02
-6.275467800000006369e-02
-5.499912349999996897e-02
-2.713848699999998892e-02
-7.933379950000013503e-03
-1.346664420000001638e-02
-1.828419880000003994e-02
-2.895327490000010329e-02
-3.142007350000003418e-02
-3.596372010000006836e-02
-2.931811480000001691e-02
-1.710971203000000163e-02
-6.252691040000021849e-03
4.709256778999964567e-03
1.570304464000000372e-02
1.604777627000007062e-02
1.327197668999991614e-02
3.183604289999995840e-03
-5.175022799999515893e-04
-3.103274844999985398e-03
-1.809937090000402708e-04
1.357605396200000855e-02
2.437035246000000127e-02
3.174931116799999120e-02
2.691616250999998711e-02
3.294062654999999756e-02
1.660334938999999399e-02
2.648483264599998943e-02
2.525169074999999985e-02
4.210150560000000541e-02
3.298130755000000525e-02
3.561483117000002752e-02
3.882086810250001685e-02
3.672618693499996034e-02
3.754478601499999790e-02
2.991597024999997911e-02
3.926504590000001738e-02
2.725358634999996976e-02
3.392183064999992892e-02
3.785379734999988477e-02
6.168417035000001158e-02
5.480353155000000642e-02
5.963939634999998463e-02
6.503189204999992867e-02
5.897348919999989558e-02
3.823636834999999401e-02
4.931818870000004296e-02
3.681577439999994539e-02
3.925763380000002467e-02
3.744799224999995069e-02
2.572264255000000777e-02
4.947183784999997780e-02
5.451156390000000407e-02
6.248910089999992756e-02
6.442179810000003837e-02
6.248976710000014867e-02
6.222801735000010881e-02
4.854464494999999324e-02
3.698088135000004995e-02
4.162182739999997771e-02
3.460674090000004366e-02
4.395460635000003613e-02
5.270253540000002790e-02
6.314536039999996131e-02
6.710793584999999450e-02
7.286752784999997457e-02
7.538582150000000537e-02
7.118302414999999606e-02
6.704673614999995257e-02
4.635260695000004150e-02
5.315654080000001280e-02
5.990494690000004729e-02
6.543611881000006847e-02
5.094610453999994654e-02
6.001201972999993528e-02
8.431262797000006748e-02
8.697175870999998559e-02
9.289770414000000920e-02
9.003188508999994399e-02
9.123473454999997401e-02
7.782538887999992938e-02
7.134452148909997682e-02
6.392749856999997704e-02
6.348415672999997705e-02
6.587633522999999935e-02
6.790994029199996784e-02
7.441095354300002185e-02
8.517778071700003728e-02
7.558064771000001791e-02
6.993052745000002957e-02
6.871258814999998965e-02
5.747336319999996057e-02
5.259964970000000073e-02
5.185983559650000907e-02
5.466479267000001752e-02
4.730841155000004017e-02
3.907578654999996348e-02
5.041294014999997408e-02
4.315658890000001469e-02
2.196431619499999988e-02
1.957609767999995976e-02
1.066964822999999507e-02
-9.180447449999962206e-03
4.939067500001059763e-04
-1.059289720000006207e-02
-9.687689349999917265e-03
-5.769602700000098228e-03
-1.188065500000723418e-04
2.179556499999346642e-04
-1.611540955000012598e-02
-3.005000184999995216e-02
-3.564108274999999715e-02
-4.286482174999994843e-02
-4.905352650000005532e-02
-4.170677314999993168e-02
-3.574537394999999229e-02
-3.020920185000008917e-02
-2.853914269999996423e-02
-1.857052370000000785e-02
-1.690963495000002981e-02
-1.769174184999999788e-02
-3.014383795000002975e-02
-2.956601749999998585e-02
-5.091724780000000949e-02
-4.457063459999999200e-02
-3.446333644999999279e-02
-3.294633574999994430e-02
-2.166887355000002291e-02
-1.225307009999998531e-02
1.280859530000005853e-02
3.032089850000030395e-03
4.248950200000017885e-03
1.869166205000000192e-02
8.564745149999969387e-03
-1.607326800000002942e-03
8.594065255000019055e-03
1.631782826000000020e-02
2.384481369999999489e-02
2.504986434999999928e-02
2.877093278000000809e-02
4.325192847000000618e-02
2.006430019999998898e-02
2.719643974000000158e-02
4.089300549000002977e-02
2.843740250000001413e-02
4.023716926999997001e-02
4.511784632000001571e-02
5.371843455000001322e-02
5.113627765999998603e-02
6.709524880999997998e-02
6.777918417999997946e-02
5.629586709999999383e-02
5.089771475000004486e-02
4.093571359999997883e-02
3.450677539999996712e-02
3.329582115000001563e-02
4.018352975000000216e-02
4.916831140000002542e-02
6.207088124999995959e-02
6.734691910000004111e-02
6.725657525000006132e-02
5.800766079999997160e-02
4.594145645000002887e-02
3.797654114999998720e-02
2.773051029999984429e-02
3.142965674999997905e-02
4.340318830000000627e-02
4.430679424999994787e-02
5.138288759999998234e-02
5.464773025000002615e-02
5.673769014999996418e-02
5.407732944999998903e-02
5.608652950000003745e-02
4.690125795000010811e-02
-6.544925399999956817e-03
2.362708734999996452e-02
1.154700000061126275e-06
-1.504409244999993511e-02
3.278434850000000456e-02
5.727632220000000718e-02
6.339885769999997756e-02
7.357526505000000494e-02
7.538048319999995917e-02
8.110545564999999124e-02
7.419677964999993325e-02
7.120452879999999984e-02
6.237114499999996120e-02
5.733691914999999861e-02
5.481076750000002384e-02
5.805956390000005518e-02
6.284627665000003249e-02
7.270746039999992361e-02
8.285430725000003660e-02
8.833369849999997414e-02
9.522617129999996766e-02
9.546168950000002984e-02
8.755823919999994320e-02
7.859706789999995613e-02
7.522932525000003423e-02
7.141089345000006805e-02
7.127816275000004032e-02
7.527832383000002126e-02
8.194672913999995201e-02
8.984755628999994970e-02
9.039140675299997540e-02
9.360694011999999564e-02
9.384692779999999346e-02
8.906990534600002507e-02
8.118298379999999703e-02
7.347983571000001046e-02
6.623360672999999144e-02
6.561809846000002389e-02
6.165296373999999691e-02
6.147776881999998666e-02
5.966444984000002227e-02
5.495653470000000373e-02
5.002908892999999302e-02
5.021454914000000880e-02
3.552339355000003196e-02
3.008614085000002603e-02
2.517231615000001255e-02
1.671125776999998758e-02
2.005333217499999376e-02
1.630913549000001517e-02
1.562304154999999417e-02
9.466375350000000299e-03
-1.562222850000016816e-03
-8.659551799999998245e-03
-1.989641704999994820e-02
-2.967897245000000739e-02
-3.580688510000001878e-02
-3.305910244999998859e-02
-3.505266265000006598e-02
-3.291326624999990624e-02
-1.984762299999998092e-02
-1.617532770000007503e-02
-1.351226069999988955e-02
-9.139998450000130781e-03
-1.488785425000005436e-02
-2.269491994999994766e-02
-2.956387135000004829e-02
-3.392020735000011999e-02
-4.128138839999995202e-02
-3.391682255000005863e-02
-2.628129604999995816e-02
-1.128570844999998712e-02
4.537023499999959242e-03
1.267432615000002594e-02
2.193835295000001739e-02
2.092361769999995236e-02
2.080137585000002565e-02
1.276621410000006174e-02
-2.995233950000064649e-03
2.240895900000000607e-02
2.963518570000001073e-02
4.101935350000002201e-02
5.109624755000000129e-02
6.002545165000003347e-02
6.047808449999994562e-02
6.468518635500002112e-02
6.080702198499998712e-02
6.462234050000002783e-02
6.771860973499999048e-02
6.936219504999999175e-02
7.374682326999998372e-02
8.109016705500000921e-02
8.512711636999997777e-02
8.828851654000000049e-02
8.492956474000001865e-02
8.445805792999999673e-02
8.465732015000002053e-02
8.497005273999998221e-02
8.436563259400001180e-02
8.624903633900002364e-02
8.972118691000001423e-02
9.451348455999999953e-02
9.927595720299996207e-02
9.486147370999996331e-02
8.949156307999997506e-02
8.462302031000004665e-02
8.112981895000001553e-02
7.755353824999997037e-02
7.304396879999996983e-02
7.415151799999997184e-02
7.995119965000005435e-02
8.201960704999997076e-02
8.953541674999992983e-02
8.472224595000005243e-02
7.494649379999995809e-02
6.980132799999999582e-02
6.457164365000001016e-02
6.145182729999992821e-02
6.182839315000010494e-02
6.080347554999998572e-02
6.520653165000001028e-02
7.262456829999996977e-02
8.230792110000006989e-02
8.086709534999991789e-02
8.406859050000003997e-02
7.961711095000001404e-02
7.360817334999991690e-02
6.750659320000007568e-02
6.202828125000003912e-02
6.184780135000000900e-02
5.884057575000001261e-02
6.399844589999992284e-02
6.722527594999994083e-02
6.992618314999998752e-02
7.737049485000002669e-02
7.660309684999994095e-02
7.465479105000005777e-02
7.231787339999995456e-02
6.839665088500002099e-02
6.602877642999999130e-02
6.032457160999998846e-02
6.571278180999995389e-02
6.515395546649999092e-02
6.167150310499999732e-02
6.556031966000003264e-02
6.333303097499998202e-02
6.218378129999999060e-02
6.039321934999998531e-02
5.414802756999997913e-02
5.450567689000000715e-02
5.406853835999999441e-02
5.222029352999998930e-02
5.173405737799999238e-02
5.375687533000001600e-02
5.547563982999998561e-02
4.885120982999998501e-02
4.756200097000002486e-02
3.039072488999999128e-02
2.642758627000002178e-02
1.628269902699999369e-02
1.330174025225997619e-02
1.175641148799997857e-02
1.841444134900008939e-02
1.777708221000000310e-02
2.684146999999993677e-02
3.005645221999990457e-02
2.620412197300005241e-02
1.455433229000004797e-02
2.963879130000013351e-03
-8.601083200000025908e-03
-2.558334090000000116e-02
-2.989036930000005254e-02
-2.202439299999991995e-02
-1.648368850000003771e-02
-5.594345399999978152e-03
-1.082614850000052087e-03
-4.852392250000059359e-03
-1.352616135000000996e-02
-2.332855439999992342e-02
-3.543189695000004136e-02
-3.687014319999998291e-02
-3.719871484999992539e-02
-3.422322644999997721e-02
-3.442804889999995233e-02
-2.286888304999989963e-02
-1.163363148999996266e-02
-8.745084100000077854e-03
-4.223567394999960811e-03
-7.140054950000029876e-03
-3.423452099999946263e-03
-6.396840950000037829e-03
-7.519464949999998815e-03
-5.060215749999930068e-03
-5.845483500001025234e-04
5.626464299999911489e-03
1.306105720000005910e-02
1.398570290000000771e-02
1.392726799999999265e-02
1.806992525000006289e-02
1.966455564499991482e-02
1.996318847000000396e-02
2.461549923000000417e-02
3.079541000000002304e-02
3.494040149999999567e-02
3.814100585000007593e-02
4.632769150000004554e-02
5.605175039999998887e-02
5.850725779999998988e-02
5.570697840000005119e-02
5.282695465000003532e-02
5.259689965000005629e-02
5.354662385000003022e-02
5.944199620000004125e-02
6.869180873999998493e-02
7.618358741999997630e-02
8.214248786999994723e-02
8.571032811369995452e-02
8.605440651299990640e-02
8.515865626599999905e-02
7.744674704999997272e-02
7.036981735000000238e-02
6.478065943999995746e-02
6.121050869999997146e-02
6.584794288000009321e-02
6.807362662999999481e-02
7.484995918000009185e-02
8.496509184000006210e-02
8.814685059999999295e-02
8.225901519000004825e-02
7.725926369999999710e-02
6.905156179999999422e-02
6.006765940000002857e-02
5.297176905000006153e-02
4.983816854999995050e-02
5.321174954999990936e-02
5.642514500000006539e-02
6.247481700000001581e-02
6.448384284999997274e-02
7.134309189999993306e-02
7.261781745000001065e-02
6.746863070000003182e-02
6.186666985000005559e-02
5.601598295000004279e-02
4.660319815000002475e-02
3.798119714999992347e-02
3.842877180000003889e-02
3.700627249999999258e-02
4.076931240000003509e-02
4.391230735000006824e-02
5.468741860000003729e-02
5.435840435000005577e-02
5.482791979999990239e-02
5.288606470000001281e-02
4.656324069999995263e-02
4.168745330000001026e-02
3.352080055000006276e-02
2.559935750000008614e-02
2.696772440000005933e-02
2.626112054999996115e-02
3.337582864999999455e-02
3.382714929999997011e-02
3.712524610000000891e-02
3.754429190000008187e-02
3.598854493000003263e-02
3.456681319499999017e-02
2.507061370999996708e-02
1.604163264999997063e-02
1.549267245000002235e-02
1.961950994999994702e-02
1.996728845000000918e-02
2.227402624999996750e-02
2.241345395000002294e-02
1.720249398499998361e-02
1.409320540500000329e-02
6.225318799999962627e-03
2.028138299999954208e-03
-6.970927500000168031e-04
-9.599500000026517377e-06
7.912270069999984001e-03
1.103594148000000899e-02
1.682660740400000396e-02
1.506676871789998547e-02
8.811454844999960442e-03
4.470845899999555118e-04
-1.429904603999997137e-02
-1.527497032999997062e-02
-2.063303258999998890e-02
-1.542149334000003646e-02
-3.660941909999992916e-03
9.592327299999883761e-04
8.936241200000027973e-03
6.154012469999997625e-03
1.042382130000060747e-03
-1.461147680000010607e-02
-2.444682219999994022e-02
-2.051051069999992871e-02
-2.281141140000003675e-02
-1.730948215000005508e-02
-5.792115350000015539e-03
2.040341850000015889e-03
1.101183460000004777e-02
1.223908734999995529e-02
1.385666699999998919e-02
1.008558240000001494e-02
9.585402349999994076e-03
2.691891899999965254e-03
2.434028800000043180e-03
3.515778300000049761e-03
5.424666849999981721e-03
1.002652696999994930e-02
1.464245712750000816e-02
2.226772625999995370e-02
2.506141484999990787e-02
2.773565644999997915e-02
2.985924125000005702e-02
2.498216699999999957e-02
3.079767109999997921e-02
2.371954450000002268e-02
2.644806485000006369e-02
3.292659900000005635e-02
3.890394814999997841e-02
4.165877004999996025e-02
4.102491575000000168e-02
4.399059169999997021e-02
4.294685459999997290e-02
4.036862630999998869e-02
4.377971346000003594e-02
4.576817650000003512e-02
5.306050379999999178e-02
5.953362345000001721e-02
6.313919850000002110e-02
6.609677600000002373e-02
6.911254864999996639e-02
6.410132640000001936e-02
6.181797085000001468e-02
5.925538369999998334e-02
6.043320524999999666e-02
5.889748575000004760e-02
6.375649048000001096e-02
7.063413105999999386e-02
7.622628659499998405e-02
8.120527127000000400e-02
7.998370203999999317e-02
8.413927950999999794e-02
8.285184614999999142e-02
7.566998297999999457e-02
7.156452475100000266e-02
6.823885679899996393e-02
6.941314827999996162e-02
6.779301484999999960e-02
7.361136463999999602e-02
7.401560871000001374e-02
7.806643476999997056e-02
7.381813649999996452e-02
7.184637110000004212e-02
6.735169259999999880e-02
6.155005729999998842e-02
5.841018765000000057e-02
5.549741475000000146e-02
5.171512715000001204e-02
5.195072849999998743e-02
5.319123449999996200e-02
5.636271502100004271e-02
5.273216322000001677e-02
5.482197599999999449e-02
5.031116685000003308e-02
4.600653279999999956e-02
4.011386019999996222e-02
3.253167354999997318e-02
3.324570569999990566e-02
3.065645400000005516e-02
2.769740054999991763e-02
2.948581249999993048e-02
2.770435680000005174e-02
2.131326490000007290e-02
1.691514480000000376e-02
9.606565400000044441e-03
4.306442349999994867e-03
1.500347284999925535e-03
-1.428644159999992169e-03
7.639252500000193180e-04
1.158281700000096670e-03
7.135299549999973845e-03
-4.766109999999601499e-04
1.787562950000098905e-03
-1.198296599999981726e-03
-9.585553050000028552e-03
-1.672739480000001722e-02
-2.935968815000000731e-02
-2.639687555000003183e-02
-2.715038684999993013e-02
-2.721881540000004041e-02
-1.436170629999999893e-02
-7.084593200000016688e-03
-2.655683000000463867e-04
3.211322800000027122e-03
1.755051100000015740e-03
-2.056137100000021700e-03
-1.168307429999995706e-02
-1.609273870000005324e-02
-2.856771900000004694e-02
-2.351641160000006447e-02
-1.002347686000001903e-02
-1.597621389999970276e-03
8.469022629999909541e-03
1.895604133000001676e-02
1.244094927899997913e-02
1.090876519399996275e-02
8.114718099999918000e-04
-3.369987709999959502e-03
-5.974534049999993823e-03
-8.574066960000029103e-03
-1.025391839999997834e-02
-4.930619869999958160e-03
3.764040100000254352e-04
1.208158055999998537e-02
1.683332640000000102e-02
1.204194215000001233e-02
2.846074750000010534e-03
2.532344000000241735e-05
-2.574515649999997713e-03
-2.572211049999995058e-03
-4.101298649999973733e-03
3.836900199999992989e-03
-2.560020000003104812e-05
2.202075849999984847e-03
3.100615579999965732e-03
1.264025150000125386e-04
-2.829652515000002921e-03
-3.411194704500020158e-03
-4.937884915000023689e-03
-4.014233375000064719e-03
-1.414021050000102697e-03
1.267757299999949794e-03
