0.000000000000000000e+00 5.241423361039901363e-02
1.665699923000000041e-02 4.097472692999997584e-02
3.331399844999999998e-02 1.165307066199999936e-01
4.997099767999999692e-02 2.622414994999999749e-02
6.662799691000000080e-02 4.005254110000000534e-02
8.328499612999999691e-02 2.294190630000011999e-03
9.994199535999999384e-02 -2.305287755000002409e-02
1.165989946000000055e-01 -2.023511974000000158e-02
1.332559937999999999e-01 -1.248889351999994679e-02
1.499129929999999944e-01 -1.038586269999933198e-03
1.665699922999999971e-01 1.305576174000000478e-02
1.832269914999999916e-01 5.008532964999996839e-02
1.998839907000000138e-01 3.656719918000000957e-02
2.165409899000000082e-01 5.815438075000001206e-02
2.331979892000000110e-01 9.818360500000000712e-02
2.498549884000000054e-01 7.788188384499997174e-02
2.665119875999999999e-01 2.340970245000001393e-02
2.831689868999999748e-01 3.299586120000003175e-02
2.998259860999999971e-01 4.612878780000001511e-02
3.164829853000000193e-01 7.096985534999999956e-02
3.331399844999999860e-01 6.074889709999997667e-02
3.497969838000000165e-01 8.850704595000002950e-02
3.664539829999999832e-01 8.773196714999992318e-02
3.831109822000000054e-01 1.278531118000000300e-01
3.997679814000000276e-01 1.324078284499999869e-01
4.164249807000000025e-01 1.092348289999999222e-01
4.330819799000000248e-01 1.050112314795000890e-01
4.497389790999999915e-01 9.011539884999997252e-02
4.663959783000000137e-01 3.247494935000005967e-02
4.830529775999999886e-01 2.709429195000001567e-02
4.997099768000000108e-01 2.333099675000005480e-02
5.163669760000000331e-01 7.063711994499999314e-02
5.330239753000000080e-01 7.783590127000006298e-02
5.496809744999999747e-01 6.474674949999992268e-02
5.663379737000000524e-01 4.006641739999994289e-02
5.829949729000000191e-01 1.741856450000001111e-02
5.996519721999999941e-01 -7.171856949999888542e-03
6.163089713999999608e-01 -1.335278814999996122e-02
6.329659706000000385e-01 -1.149049779999999910e-02
6.496229698000000052e-01 -7.835482999999365816e-04
6.662799690999999802e-01 1.623943659999993461e-02
6.829369682999999469e-01 2.836277584999991053e-02
6.995939675000000246e-01 2.838197944999998334e-02
7.162509666999999913e-01 3.081152350000004869e-02
7.329079659999999663e-01 2.297804734999997489e-02
7.495649652000000440e-01 1.576897914999997319e-02
7.662219644000000107e-01 9.366870599999965741e-03
7.828789636999999857e-01 6.443832099999990959e-03
7.995359628999999524e-01 8.752057199999940806e-03
8.161929621000000301e-01 1.566550529999993779e-02
8.328499612999999968e-01 2.826340147999995001e-02
8.495069605999999718e-01 3.880436408499998713e-02
8.661639598000000495e-01 5.125581129500000888e-02
8.828209590000000162e-01 5.685333805000003515e-02
8.994779581999999829e-01 5.718887140000000757e-02
9.161349574999999579e-01 6.058892995000003667e-02
9.327919567000000356e-01 5.695275934999999290e-02
9.494489559000000023e-01 5.861986854999998164e-02
9.661059550999999690e-01 6.643774737499999472e-02
9.827629544000000550e-01 7.658802524999999695e-02
9.994199536000000217e-01 8.150655965999999142e-02
1.016076953000000005e+00 9.050548876000000242e-02
1.032733952000000066e+00 9.280034211999999005e-02
1.049390950999999905e+00 9.380929600000004198e-02
1.066047951000000049e+00 9.050070191999998181e-02
1.082704950000000110e+00 8.627678284999999725e-02
1.099361948999999949e+00 8.189007882000001737e-02
1.116018948000000011e+00 8.087908722000000661e-02
1.132675947000000072e+00 8.078296162000001002e-02
1.149332946999999994e+00 8.489407443999999470e-02
1.165989946000000055e+00 8.657333212000002665e-02
1.182646944999999894e+00 9.245203983299997430e-02
1.199303943999999955e+00 9.764305471600000230e-02
1.215960944000000099e+00 9.297324946499999077e-02
1.232617942999999938e+00 8.897295974999999690e-02
1.249274941999999999e+00 7.932542182999997860e-02
1.265931941000000061e+00 7.740804543000001647e-02
1.282588939999999900e+00 7.104805764999996831e-02
1.299245940000000044e+00 6.691925180000002360e-02
1.315902939000000105e+00 6.358236194999999924e-02
1.332559937999999944e+00 6.469575070000002648e-02
1.349216937000000005e+00 5.724060664999999770e-02
1.365873936999999927e+00 5.831072808000001273e-02
1.382530935999999988e+00 4.961008175499997952e-02
1.399187935000000049e+00 4.140139697500000437e-02
1.415844934000000110e+00 2.708937449999998526e-02
1.432501932999999950e+00 1.987830089999997885e-02
1.449158933000000093e+00 5.830596250000041891e-03
1.465815931999999933e+00 1.141161764999998329e-02
1.482472930999999994e+00 7.383509800000020995e-03
1.499129930000000055e+00 1.373295479999997459e-02
1.515786929999999977e+00 2.265089095000000219e-02
1.532443929000000038e+00 2.601998985000003595e-02
1.549100928000000099e+00 2.475347815000000784e-02
1.565757926999999938e+00 1.726551479999993699e-02
1.582414927000000082e+00 5.829089850000079842e-03
1.599071925999999921e+00 -4.335792300000029798e-03
1.615728924999999983e+00 -1.069953815000002084e-02
1.632385924000000044e+00 -6.678474750000051863e-03
1.649042923000000105e+00 3.001032899999978021e-03
1.665699923000000027e+00 2.269800395000010074e-02
1.682356922000000088e+00 4.508252479999996787e-02
1.699013920999999927e+00 5.537237320000010232e-02
1.715670919999999988e+00 6.928887540000006062e-02
1.732327919999999910e+00 7.312391610000001929e-02
1.748984918999999971e+00 6.995682012499992997e-02
1.765641918000000032e+00 9.112292195000004646e-02
1.782298917000000094e+00 8.623086314999994784e-02
1.798955915999999933e+00 9.275733834999999594e-02
1.815612916000000077e+00 8.339785934999999206e-02
1.832269914999999916e+00 1.128233201500000171e-01
1.848926913999999977e+00 1.079454638244999876e-01
1.865583913000000038e+00 1.406604458499999821e-01
1.882240912999999960e+00 1.244870009499999819e-01
1.898897912000000021e+00 1.143073698000000027e-01
1.915554911000000082e+00 1.237679451000000541e-01
1.932211909999999921e+00 1.042598968499999779e-01
1.948868910000000065e+00 9.417239454999998260e-02
1.965525908999999904e+00 9.075750285000000472e-02
1.982182907999999966e+00 1.085438316999999819e-01
1.998839907000000027e+00 1.390430408499999659e-01
2.015496906000000088e+00 1.524609708999999924e-01
2.032153906000000010e+00 1.216226347000000929e-01
2.048810904999999849e+00 1.135439779500000274e-01
2.065467904000000132e+00 1.166764358699999699e-01
2.082124902999999971e+00 7.971457239000000194e-02
2.098781902999999893e+00 6.799705065000001547e-02
2.115438902000000176e+00 5.012881935000000622e-02
2.132095901000000016e+00 2.347103647999997100e-02
2.148752899999999855e+00 3.368644841000002776e-02
2.165409899000000138e+00 6.664950764000003580e-02
2.182066899000000060e+00 7.131002356999997793e-02
2.198723897999999899e+00 9.055518305999996076e-02
2.215380897000000182e+00 8.401888019000003371e-02
2.232037896000000021e+00 7.115411434000000479e-02
2.248694895999999943e+00 5.626494956999999325e-02
2.265351894999999782e+00 4.424743536999997673e-02
2.282008894000000065e+00 4.466672396399998246e-02
2.298665892999999905e+00 4.975719317500006816e-02
2.315322892000000188e+00 6.416995403000001763e-02
2.331979892000000110e+00 7.653654481000005116e-02
2.348636890999999949e+00 9.420515031000001316e-02
2.365293889999999788e+00 1.002465687099999975e-01
2.381950889000000071e+00 9.807146009000000664e-02
2.398607888999999993e+00 9.742684743500000522e-02
2.415264887999999832e+00 1.092623928799999755e-01
2.431921887000000115e+00 1.395079757999999615e-01
2.448578885999999954e+00 1.301432133500000365e-01
2.465235885999999876e+00 1.388230270499999919e-01
2.481892885000000160e+00 1.351866320500000607e-01
2.498549883999999999e+00 5.799309985000006273e-02
2.515206882999999838e+00 5.647876360000006479e-02
2.531863882000000121e+00 6.392217955000004115e-02
2.548520882000000043e+00 5.502644949999996316e-02
2.565177880999999882e+00 4.541834724999993522e-02
2.581834880000000165e+00 2.321232095000003159e-02
2.598491879000000004e+00 7.848784549999932025e-03
2.615148878999999926e+00 -3.845763700000004448e-03
2.631805878000000209e+00 -8.113644350000059902e-03
2.648462877000000049e+00 -1.359511675000002473e-02
2.665119875999999888e+00 -1.036314394999993116e-02
2.681776875000000171e+00 -1.477134343499997282e-02
2.698433875000000093e+00 -2.153661925500005569e-02
2.715090873999999932e+00 -3.040728589999996956e-02
2.731747873000000215e+00 -3.892965035000006679e-02
2.748404872000000054e+00 -5.565303145000000118e-02
2.765061871999999976e+00 -6.395916729999995276e-02
2.781718870999999815e+00 -6.566009409999995494e-02
2.798375870000000099e+00 -6.018751145000000857e-02
2.815032868999999938e+00 -5.490323497499993710e-02
2.831689868999999860e+00 -4.993475432999994190e-02
2.848346868000000143e+00 -4.645440444999998642e-02
2.865003866999999982e+00 -4.549973089999997944e-02
2.881660865999999821e+00 -5.168696889999990773e-02
2.898317865000000104e+00 -6.259808629999996654e-02
2.914974865000000026e+00 -6.922020200000000845e-02
2.931631863999999865e+00 -6.958813400000002369e-02
2.948288863000000148e+00 -7.185075369999999184e-02
2.964945861999999988e+00 -6.367855054999999043e-02
2.981602861999999909e+00 -4.565550789999994752e-02
2.998259861000000193e+00 -3.346870265000001510e-02
3.014916860000000032e+00 -2.312150289999992392e-02
3.031573858999999871e+00 -1.441124939999990917e-02
3.048230858000000154e+00 -1.511751279999998254e-02
3.064887858000000076e+00 -2.108228020000005309e-02
3.081544856999999915e+00 -3.215654100000009397e-02
3.098201856000000198e+00 -3.990019049999990464e-02
3.114858855000000037e+00 -4.681869240000002819e-02
3.131515854999999959e+00 -4.897370360000000145e-02
3.148172853999999798e+00 -4.160016129999996592e-02
3.164829853000000082e+00 -3.125112084999996653e-02
3.181486851999999921e+00 -1.412900375000008396e-02
3.198143851999999843e+00 -2.305423640000005270e-03
3.214800851000000126e+00 9.796146330000005120e-03
3.231457849999999965e+00 1.158459346999995976e-02
3.248114848999999804e+00 9.290735599999960792e-03
3.264771848000000087e+00 -1.684150619999991161e-03
3.281428848000000009e+00 -1.455010347999999981e-02
3.298085846999999848e+00 -2.413693864999990474e-02
3.314742846000000132e+00 -3.053893535720004354e-02
3.331399844999999971e+00 -3.658697426999998198e-02
3.348056844999999893e+00 -3.023643640100000599e-02
3.364713844000000176e+00 -2.196474947000001676e-02
3.381370843000000015e+00 -1.439777580000000529e-02
3.398027841999999854e+00 -1.077569359999919207e-03
3.414684841000000137e+00 4.985056309999985613e-03
3.431341841000000059e+00 3.715998089999970888e-03
3.447998839999999898e+00 1.756577829999987628e-03
3.464655839000000181e+00 -1.306333522999993113e-02
3.481312838000000021e+00 -2.518934471000000563e-02
3.497969837999999942e+00 -3.869906759999999779e-02
3.514626836999999782e+00 -4.714086880000004087e-02
3.531283836000000065e+00 -5.107443159999999760e-02
3.547940834999999904e+00 -4.999623205000003345e-02
3.564597834000000187e+00 -3.929999089999997031e-02
3.581254834000000109e+00 -3.240510674999996787e-02
3.597911832999999948e+00 -2.750609204999993063e-02
3.614568831999999787e+00 -2.355916785000000679e-02
3.631225831000000071e+00 -3.177499304999997776e-02
3.647882830999999992e+00 -4.820083759999999051e-02
3.664539829999999832e+00 -5.803506795000001883e-02
3.681196829000000115e+00 -6.189972090000006588e-02
3.697853827999999954e+00 -5.698728255000007348e-02
3.714510827999999876e+00 -4.621608909999996850e-02
3.731167827000000159e+00 -4.486367440000005313e-02
3.747824825999999998e+00 -3.716679990000004707e-02
3.764481824999999837e+00 -3.754059033500001252e-02
3.781138824000000120e+00 -4.450533795500011269e-02
3.797795824000000042e+00 -4.379774424999993698e-02
3.814452822999999881e+00 -5.138663239999996524e-02
3.831109822000000165e+00 -5.298165910000007806e-02
3.847766821000000004e+00 -4.049713050000003367e-02
3.864423820999999926e+00 -3.118295865000009215e-02
3.881080820000000209e+00 -1.081161024999988118e-02
3.897737819000000048e+00 1.078905535000007632e-02
3.914394817999999887e+00 2.752545939999995195e-02
3.931051817000000170e+00 3.481348579999998805e-02
3.947708817000000092e+00 3.878963485000008760e-02
3.964365815999999931e+00 3.774461415000007758e-02
3.981022815000000215e+00 3.394445320000005761e-02
3.997679814000000054e+00 2.193590765000008602e-02
4.014336813999999976e+00 1.873285349999997962e-02
4.030993813000000259e+00 4.678265649999902021e-03
4.047650811999999654e+00 2.280957860000004667e-02
4.064307810999999937e+00 -2.604446999999732171e-04
4.080964811000000303e+00 -1.730847255000000917e-03
4.097621809999999698e+00 7.673437499999991029e-03
4.114278808999999981e+00 -1.858169149999977510e-03
4.130935808000000264e+00 -1.271978186500000163e-02
4.147592806999999659e+00 -2.317461630000003381e-02
4.164249807000000025e+00 -3.776106309999996413e-02
4.180906806000000309e+00 -4.033215179999996569e-02
4.197563804999999704e+00 -3.161775495000000713e-02
4.214220803999999987e+00 -2.168415563000004181e-02
4.230877804000000353e+00 -7.238485224999941653e-03
4.247534802999999748e+00 -1.719698199999959709e-04
4.264191802000000031e+00 7.826154869999959324e-03
4.280848801000000314e+00 8.058270680000013952e-03
4.297505799999999709e+00 -3.374378440000026791e-03
4.314162800000000075e+00 -3.674213090000003068e-03
4.330819799000000359e+00 -1.324957747000007902e-02
4.347476797999999754e+00 -1.295687994000000592e-02
4.364133797000000037e+00 -1.145333764999995410e-02
4.380790797000000403e+00 -1.986326089999990163e-03
4.397447795999999798e+00 -2.661005315999998011e-02
4.414104795000000081e+00 -2.987941983000000357e-02
4.430761794000000364e+00 -3.630560456000000991e-02
4.447418793999999842e+00 -4.367472881080000646e-02
4.464075793000000125e+00 -5.515035621000000110e-02
4.480732792000000408e+00 -6.377071234000000755e-02
4.497389790999999803e+00 -6.001247075000000486e-02
4.514046790000000087e+00 -4.819405704999997486e-02
4.530703789999999564e+00 -3.060739004999996071e-02
4.547360788999999848e+00 -1.492028071000006673e-02
4.564017788000000131e+00 5.132500669999998100e-03
4.580674787000000414e+00 1.297313510000006054e-02
4.597331786999999892e+00 1.004584479999998115e-02
4.613988786000000175e+00 9.730097699999967764e-03
4.630645784999999570e+00 3.607100099999982490e-03
4.647302783999999853e+00 -4.035536999999478347e-04
4.663959783000000137e+00 -4.551276500000034364e-03
4.680616782999999614e+00 3.863701649999939924e-03
4.697273781999999898e+00 1.681106205000004739e-02
4.713930781000000181e+00 2.576569630000002942e-02
4.730587779999999576e+00 3.802735844999999282e-02
4.747244779999999942e+00 4.144568184999997129e-02
4.763901779000000225e+00 3.444181965000003842e-02
4.780558777999999620e+00 2.325400784999998027e-02
4.797215776999999903e+00 8.600702550000116631e-03
4.813872776000000187e+00 1.423141748500000858e-03
4.830529775999999664e+00 -3.636115399999972908e-03
4.847186774999999948e+00 -8.106971400000051453e-03
4.863843774000000231e+00 -8.552540249999962541e-03
4.880500772999999626e+00 -1.194707115000004372e-02
4.897157772999999992e+00 -1.259942869999997050e-02
4.913814772000000275e+00 -1.214119990000006588e-02
4.930471770999999670e+00 -1.541966555000007233e-02
4.947128769999999953e+00 -2.175328129999998250e-02
4.963785770000000319e+00 -1.854585474999992378e-02
4.980442768999999714e+00 -2.956755332499994005e-02
4.997099767999999997e+00 -3.437933475999999100e-02
5.013756767000000281e+00 -2.624350624999999271e-02
5.030413765999999676e+00 -1.275717085000005468e-02
5.047070766000000042e+00 -1.201036010000000598e-02
5.063727765000000325e+00 -9.449216099999935281e-03
5.080384763999999720e+00 -1.880959620000000054e-02
5.097041763000000003e+00 -2.618019715000008407e-02
5.113698763000000369e+00 -3.307719159999999992e-02
5.130355761999999764e+00 -2.974051165000002328e-02
5.147012761000000047e+00 -2.688316834999993077e-02
5.163669760000000331e+00 -1.755771125000005206e-02
5.180326758999999726e+00 -5.984557799999956629e-03
5.196983759000000092e+00 1.103646699999988323e-03
5.213640758000000375e+00 8.118888669999949070e-03
5.230297756999999770e+00 9.731271519999987185e-03
5.246954756000000053e+00 4.432815569999998262e-03
5.263611756000000419e+00 -8.248483300000303275e-04
5.280268754999999814e+00 -8.260993950000017350e-03
5.296925754000000097e+00 -1.396974905000006317e-02
5.313582753000000380e+00 -1.639692524999998569e-02
5.330239752999999858e+00 -1.729883869000002801e-03
5.346896752000000141e+00 3.668567360000006550e-03
5.363553751000000425e+00 1.878941793999998333e-02
5.380210749999999820e+00 2.024831769000001724e-02
5.396867749000000103e+00 2.256733165000002206e-02
5.413524748999999581e+00 1.657873288000001610e-02
5.430181747999999864e+00 1.467357239999994567e-02
5.446838747000000147e+00 1.103700933999999384e-02
5.463495746000000430e+00 1.702397498999991959e-03
5.480152745999999908e+00 -4.358686549999976623e-03
5.496809745000000191e+00 -2.073850340000026743e-03
5.513466743999999586e+00 2.873381600000043945e-04
5.530123742999999870e+00 4.504229130000009240e-03
5.546780742000000153e+00 1.036256377999999340e-02
5.563437741999999631e+00 1.146793629000000814e-02
5.580094740999999914e+00 3.035000315000008220e-03
5.596751740000000197e+00 3.756614734999996763e-03
5.613408738999999592e+00 -3.507665165000006802e-03
5.630065738999999958e+00 1.120994089999993726e-03
5.646722738000000241e+00 4.573361049999835615e-04
5.663379736999999636e+00 1.959105950000039620e-03
5.680036735999999919e+00 4.001349799999998069e-03
5.696693735000000203e+00 6.788867349999949674e-03
5.713350734999999680e+00 1.107774240000003463e-02
5.730007733999999964e+00 1.572200270000001510e-02
5.746664733000000247e+00 1.249774985000007277e-02
5.763321731999999642e+00 7.251619950000010029e-03
5.779978732000000008e+00 -3.126634999999766684e-04
5.796635731000000291e+00 -5.088915600000021300e-03
5.813292729999999686e+00 -8.155909050000076377e-03
5.829949728999999969e+00 -9.532056899999918897e-03
5.846606729000000335e+00 -4.892489650000109158e-03
5.863263727999999730e+00 3.209853399999906820e-03
5.879920727000000014e+00 1.576665074999994420e-02
5.896577726000000297e+00 2.701619029999990929e-02
5.913234724999999692e+00 1.839952529999999697e-02
5.929891725000000058e+00 1.058373180000005132e-02
5.946548724000000341e+00 -7.462643749999942067e-03
5.963205722999999736e+00 -3.991828539999997538e-02
5.979862722000000019e+00 -4.843536810000004245e-02
5.996519722000000385e+00 -5.055879515500005805e-02
6.013176720999999780e+00 -4.965348987500006750e-02
6.029833720000000064e+00 -4.783107609999992516e-02
6.046490719000000347e+00 -4.555491595000005223e-02
6.063147717999999742e+00 -5.694846854999996433e-02
6.079804718000000108e+00 -5.989165411500002589e-02
6.096461717000000391e+00 -7.044271264999996118e-02
6.113118715999999786e+00 -8.829385150000002014e-02
6.129775715000000069e+00 -7.294868435000001483e-02
6.146432715000000435e+00 -5.768899929999993237e-02
6.163089713999999830e+00 -4.868189259999997076e-02
6.179746713000000113e+00 -9.165888100000074701e-03
6.196403712000000397e+00 -8.661275200000012608e-03
6.213060711999999874e+00 -1.506759470000001988e-02
6.229717711000000158e+00 -3.130480060000004339e-02
6.246374710000000441e+00 -2.808172180000004237e-02
6.263031708999999836e+00 -2.531369290000004546e-02
6.279688708000000119e+00 -1.584453507000006811e-02
6.296345707999999597e+00 -2.311108350000014300e-03
6.313002706999999880e+00 6.637633650000016039e-03
6.329659706000000163e+00 5.833755820000036119e-03
6.346316704999999558e+00 2.131804058999998974e-02
6.362973704999999924e+00 9.892912549999979821e-03
6.379630704000000208e+00 -1.241062770000023185e-03
6.396287702999999603e+00 1.165741500000067044e-04
6.412944701999999886e+00 -3.638438314999992151e-03
6.429601701000000169e+00 -3.448738245000006197e-03
6.446258700999999647e+00 6.068596239999987652e-03
6.462915699999999930e+00 1.461477961000001713e-02
6.479572699000000213e+00 1.743407953000000732e-02
6.496229697999999608e+00 1.123937057000003875e-02
6.512886697999999974e+00 1.373346709000002747e-02
6.529543697000000257e+00 1.400805476699997464e-02
6.546200695999999652e+00 5.206852800000071058e-03
6.562857694999999936e+00 7.448686799999992836e-03
6.579514695000000302e+00 6.127162699999938456e-03
6.596171693999999697e+00 1.277761280000003219e-02
6.612828692999999980e+00 2.020259619999997813e-02
6.629485692000000263e+00 3.030147329999999251e-02
6.646142690999999658e+00 3.793579340000002853e-02
6.662799691000000024e+00 4.626663669999994677e-02
6.679456690000000307e+00 3.169480355000003913e-02
6.696113688999999702e+00 2.602671200000017393e-03
6.712770687999999986e+00 -3.207531250000006384e-03
6.729427688000000352e+00 -1.470122150000002792e-02
6.746084686999999747e+00 -1.276250859999983334e-02
6.762741686000000030e+00 -1.552908365000005286e-02
6.779398685000000313e+00 -1.131931515000006438e-02
6.796055683999999708e+00 -6.887489550000069904e-03
6.812712684000000074e+00 -7.366808150000014876e-03
6.829369683000000357e+00 -1.447326599999909646e-03
6.846026681999999752e+00 -1.163548525000002165e-02
6.862683681000000036e+00 -2.649144074999998377e-02
6.879340681000000401e+00 -4.156329386000001680e-02
6.895997679999999797e+00 -4.790780809000005913e-02
6.912654679000000080e+00 -5.293228516999992639e-02
6.929311678000000363e+00 -4.918686179999998132e-02
6.945968676999999758e+00 -4.664190305000004422e-02
6.962625677000000124e+00 -5.101784594999991818e-02
6.979282676000000407e+00 -4.581333944999999019e-02
6.995939674999999802e+00 -4.453750604999995311e-02
7.012596674000000085e+00 -4.620254329999995413e-02
7.029253673999999563e+00 -4.454542155000007497e-02
7.045910672999999846e+00 -4.839851940000000630e-02
7.062567672000000130e+00 -5.055167010000000127e-02
7.079224671000000413e+00 -5.086576009999999037e-02
7.095881670999999891e+00 -4.926895460000002558e-02
7.112538670000000174e+00 -4.460503899999995747e-02
7.129195668999999569e+00 -5.102797814999998627e-02
7.145852667999999852e+00 -4.520405804999999555e-02
7.162509667000000135e+00 -4.460598700000001360e-02
7.179166666999999613e+00 -4.123968314499998344e-02
7.195823665999999896e+00 -3.589046365999998267e-02
7.212480665000000180e+00 -3.813530165250003656e-02
7.229137663999999575e+00 -2.695194844500001241e-02
7.245794663999999941e+00 -2.631150395000000919e-02
7.262451663000000224e+00 -2.417155365000001055e-02
7.279108661999999619e+00 -2.323841374999999210e-02
7.295765660999999902e+00 -2.115646647999999685e-02
7.312422660000000185e+00 -2.313359980000002925e-02
7.329079659999999663e+00 -2.248107214000001630e-02
7.345736658999999946e+00 -1.634059386000001612e-02
7.362393658000000229e+00 -4.606633679999984007e-03
7.379050656999999624e+00 2.765980949999996552e-03
7.395707656999999990e+00 1.203120304999997364e-02
7.412364656000000274e+00 2.290490741000000136e-02
7.429021654999999669e+00 2.541366497000000640e-02
7.445678653999999952e+00 1.802960296999995410e-02
7.462335654000000318e+00 1.088681745000008756e-02
7.478992652999999713e+00 8.698872939999990894e-03
7.495649651999999996e+00 8.109624710000068459e-03
7.512306651000000279e+00 1.131981253000007015e-02
7.528963649999999674e+00 1.944657508999997342e-02
7.545620650000000040e+00 3.597821471000005322e-02
7.562277649000000324e+00 4.658776448000002957e-02
7.578934647999999719e+00 5.331524143999994553e-02
7.595591647000000002e+00 5.637698930999993085e-02
7.612248647000000368e+00 4.907320989999998384e-02
7.628905645999999763e+00 4.013445610000002106e-02
7.645562645000000046e+00 2.762771709999994885e-02
7.662219644000000329e+00 1.743977690000003689e-02
7.678876642999999724e+00 8.267375399999943308e-03
7.695533643000000090e+00 4.190168150000006531e-03
7.712190642000000373e+00 1.142120189999995539e-02
7.728847640999999768e+00 1.736667775000000358e-02
7.745504640000000052e+00 2.584396099999997087e-02
7.762161640000000418e+00 3.321289815000000312e-02
7.778818638999999813e+00 2.405596390000003248e-02
7.795475638000000096e+00 2.747678549999998943e-02
7.812132637000000379e+00 1.587893866999995351e-02
7.828789636999999857e+00 -5.048086500000215082e-04
7.845446636000000140e+00 -1.280052554999999703e-02
7.862103635000000423e+00 -2.325162269999991871e-02
7.878760633999999818e+00 -2.688273095000004442e-02
7.895417633000000102e+00 -2.399514024999993556e-02
7.912074632999999579e+00 -1.938687500000002562e-02
7.928731631999999863e+00 -1.674088525500005975e-02
7.945388631000000146e+00 -1.500438159999994969e-02
7.962045630000000429e+00 -2.455556254999990973e-02
7.978702629999999907e+00 -3.725978824999998107e-02
7.995359629000000190e+00 -4.486072220000003608e-02
8.012016627999999585e+00 -5.448200434999994624e-02
8.028673626999999868e+00 -5.653865595000007183e-02
8.045330626000000152e+00 -5.457818670000003092e-02
8.061987626000000517e+00 -4.668877284999994881e-02
8.078644625000000801e+00 -3.611808220000006786e-02
8.095301623999999308e+00 -2.615240064999996283e-02
8.111958622999999591e+00 -2.034141830000008033e-02
8.128615622999999957e+00 -1.877131194999998032e-02
8.145272622000000240e+00 -2.842196825000004035e-02
8.161929621000000523e+00 -3.199284935000007435e-02
8.178586620000000806e+00 -4.394881120000004859e-02
8.195243618999999313e+00 -4.870149284999997219e-02
8.211900618999999679e+00 -4.482245094999992574e-02
8.228557617999999962e+00 -4.747515269999996734e-02
8.245214617000000246e+00 -3.332521474999999844e-02
8.261871616000000529e+00 -3.322405124999999737e-02
8.278528615999999118e+00 -2.833357255000001906e-02
8.295185614999999402e+00 -3.599413159000000584e-02
8.311842613999999685e+00 -2.791387400500000560e-02
8.328499612999999968e+00 -2.600369309000000184e-02
8.345156613000000334e+00 -3.823635790000000367e-02
8.361813612000000617e+00 -2.025387064999997766e-02
8.378470610999999124e+00 -1.039332390000001494e-02
8.395127609999999407e+00 7.129105039999993065e-03
8.411784608999999691e+00 2.662422631399997616e-02
8.428441609000000057e+00 3.504550249999999201e-02
8.445098608000000340e+00 4.265923495000005505e-02
8.461755607000000623e+00 3.567761426000008729e-02
8.478412605999999130e+00 3.005748375599992528e-02
8.495069605999999496e+00 2.140790498999993116e-02
8.511726604999999779e+00 1.788777056999991261e-02
8.528383604000000062e+00 2.042291016999994019e-02
8.545040603000000345e+00 2.850603190000001314e-02
8.561697602000000629e+00 4.042255428999994016e-02
8.578354601999999218e+00 4.884674773499996653e-02
8.595011600999999501e+00 5.797630065900007124e-02
8.611668599999999785e+00 5.926131669999994134e-02
8.628325599000000068e+00 6.017527453500005896e-02
8.644982599000000434e+00 5.344027996000003111e-02
8.661639598000000717e+00 4.406432123000003642e-02
8.678296596999999224e+00 3.332021484999997396e-02
8.694953595999999507e+00 1.948893374999999262e-02
8.711610595999999873e+00 1.505524450000000902e-02
8.728267595000000156e+00 1.210331895000005265e-02
8.744924594000000440e+00 2.031300955000003849e-02
8.761581593000000723e+00 2.383961250000005139e-02
8.778238591999999230e+00 2.136000379999997145e-02
8.794895591999999596e+00 2.694170685000002452e-02
8.811552590999999879e+00 2.168839059999999597e-02
8.828209590000000162e+00 1.342432274999993957e-02
8.844866589000000445e+00 7.973941880000057214e-03
8.861523589000000811e+00 -5.648360605000013468e-03
8.878180587999999318e+00 -1.028103749999953465e-03
8.894837586999999601e+00 -6.475862700000001304e-03
8.911494585999999885e+00 -1.261072905000004685e-02
8.928151585000000168e+00 -3.917659500000003625e-03
8.944808585000000534e+00 -8.148728950000072579e-03
8.961465584000000817e+00 -2.946035899999976948e-03
8.978122582999999324e+00 -2.496335500000723684e-04
8.994779581999999607e+00 -9.629013299999988895e-03
9.011436581999999973e+00 -1.047412609999998079e-02
9.028093581000000256e+00 -1.024666095000004162e-02
9.044750580000000539e+00 -7.676996350000075964e-03
9.061407579000000823e+00 -1.313503279999994611e-02
9.078064577999999329e+00 -9.914586850000017826e-03
9.094721577999999695e+00 -7.765663899999997177e-03
9.111378576999999979e+00 -1.393307114999997598e-02
9.128035576000000262e+00 -1.005698589999992620e-02
9.144692575000000545e+00 -9.208369099999946794e-03
9.161349574999999135e+00 -4.923620900000036382e-03
9.178006573999999418e+00 -9.399104000000213510e-04
9.194663572999999701e+00 6.818642299999955192e-03
9.211320571999999984e+00 1.771351524999997817e-02
9.227977572000000350e+00 1.118920940000045494e-03
9.244634571000000633e+00 6.890020284999964773e-03
9.261291569999999140e+00 2.973608980000042035e-03
9.277948568999999424e+00 1.375462750000000511e-03
9.294605567999999707e+00 7.643104000000011666e-03
9.311262568000000073e+00 8.393094000000156374e-04
9.327919567000000356e+00 6.115406599999984039e-03
9.344576566000000639e+00 5.204127000000030590e-03
9.361233564999999146e+00 2.106206115000000545e-02
9.377890564999999512e+00 3.223969443999996631e-02
9.394547563999999795e+00 2.907756039999999376e-02
9.411204563000000078e+00 3.687393696999998610e-02
9.427861562000000362e+00 3.642460104000003196e-02
9.444518561000000645e+00 3.087776844999998507e-02
9.461175560999999234e+00 2.670712531999993450e-02
9.477832559999999518e+00 2.314062895000000564e-02
9.494489558999999801e+00 2.097778083000009092e-02
9.511146558000000084e+00 1.802793275999999001e-02
9.527803558000000450e+00 2.381605016999998117e-02
9.544460557000000733e+00 3.571945196259992267e-02
9.561117555999999240e+00 4.299315574000001083e-02
9.577774554999999523e+00 6.034687692000005599e-02
9.594431554999999889e+00 6.099346689999990412e-02
9.611088554000000173e+00 5.734230109000004738e-02
9.627745553000000456e+00 5.067211084000002724e-02
9.644402552000000739e+00 3.770135245999997609e-02
9.661059550999999246e+00 2.692522700000005154e-02
9.677716550999999612e+00 1.575059319999994045e-02
9.694373549999999895e+00 1.749381419999995746e-02
9.711030549000000178e+00 1.778302060000000462e-02
9.727687548000000461e+00 1.589464870000006913e-02
9.744344548000000827e+00 1.661308179999992918e-02
9.761001546999999334e+00 2.232054505000002909e-02
9.777658545999999617e+00 1.654514044999999545e-02
9.794315544999999901e+00 1.000606164999995329e-02
9.810972544000000184e+00 -1.756590045000000488e-02
9.827629544000000550e+00 -2.317856650499999782e-02
9.844286543000000833e+00 -4.042324474999997586e-02
9.860943541999999340e+00 -4.188798329999998682e-02
9.877600540999999623e+00 -5.058524895000005017e-02
9.894257540999999989e+00 -3.359836259999998687e-02
9.910914540000000272e+00 -4.347832285000002850e-02
9.927571539000000556e+00 -3.896767699649994476e-02
9.944228538000000839e+00 -4.423623830000000812e-02
9.960885537999999428e+00 -5.290213134999999234e-02
9.977542536999999712e+00 -6.470764694999997513e-02
9.994199535999999995e+00 -6.758601254999996311e-02
1.001085654000000069e+01 -5.571262450000002975e-02
1.002751353000000023e+01 -4.790327655000015117e-02
1.004417053000000060e+01 -3.482967385000002025e-02
1.006082752999999919e+01 -2.973597220000001595e-02
1.007748452999999955e+01 -2.456434419999997676e-02
1.009414152999999992e+01 -2.073242390000007429e-02
1.011079853000000028e+01 -3.075721370000006338e-02
1.012745553000000065e+01 -3.490961804999992424e-02
1.014411252999999924e+01 -4.471517359999988006e-02
1.016076952999999961e+01 -4.775372835000002425e-02
1.017742652999999997e+01 -4.055396910000008681e-02
1.019408353000000034e+01 -3.530671504999999266e-02
1.021074053000000070e+01 -2.289672625000005457e-02
1.022739752999999929e+01 -9.598273400000023603e-03
1.024405452000000061e+01 -3.761477700000070978e-03
1.026071151999999920e+01 1.587777220000002876e-02
1.027736851999999956e+01 1.198412089999995045e-02
1.029402551999999993e+01 1.190555990000002895e-02
1.031068252000000030e+01 9.526952114999986954e-03
1.032733952000000066e+01 2.355218545000004049e-02
1.034399651999999925e+01 2.237291360000004392e-02
1.036065351999999962e+01 3.938356828000000309e-02
1.037731051999999998e+01 1.783683078000000699e-02
1.039396752000000035e+01 1.587111003999999714e-02
1.041062452000000071e+01 2.714161986000000748e-02
1.042728151999999930e+01 1.582098015999998386e-02
1.044393851999999967e+01 1.191847238999998310e-02
1.046059550999999921e+01 1.034250918000000768e-02
1.047725250999999957e+01 1.232529367000004261e-02
1.049390950999999994e+01 1.658327660000003326e-02
1.051056651000000031e+01 3.021149413999995453e-02
1.052722351000000067e+01 4.041180749999992439e-02
1.054388050999999926e+01 5.105061023999989123e-02
1.056053750999999963e+01 5.170369245000001890e-02
1.057719450999999999e+01 5.571735951000000853e-02
1.059385151000000036e+01 5.314624947999996296e-02
1.061050851000000073e+01 4.177757528000003440e-02
1.062716550999999932e+01 2.747025582000007723e-02
1.064382250999999968e+01 2.433147157000008914e-02
1.066047951000000005e+01 2.450831356000002237e-02
1.067713649999999959e+01 2.550573374999995369e-02
1.069379349999999995e+01 2.801741642999999726e-02
1.071045050000000032e+01 3.907760509000007820e-02
1.072710750000000068e+01 4.245175754000002355e-02
1.074376449999999927e+01 5.182317070999994946e-02
1.076042149999999964e+01 5.475026682999993566e-02
1.077707850000000001e+01 4.663515469999993113e-02
1.079373550000000037e+01 3.708528449999998200e-02
1.081039250000000074e+01 2.562508305000002484e-02
1.082704949999999933e+01 1.389647824999995507e-02
1.084370649999999969e+01 7.806754499999957186e-03
1.086036350000000006e+01 3.235660249999994242e-03
1.087702048999999960e+01 3.017974799999989521e-03
1.089367748999999996e+01 1.298674939999999722e-02
1.091033449000000033e+01 1.898520529999997430e-02
1.092699149000000070e+01 2.553605785000001571e-02
1.094364848999999928e+01 3.075885815000001244e-02
1.096030548999999965e+01 3.365485855000005522e-02
1.097696249000000002e+01 2.453300840000000038e-02
1.099361949000000038e+01 2.189149820000002578e-02
1.101027649000000075e+01 1.537628649999955854e-03
1.102693348999999934e+01 -8.955427450000108536e-03
1.104359048999999970e+01 -6.837857349999976186e-03
1.106024749000000007e+01 -9.687707599999928476e-03
1.107690449000000044e+01 -3.249169099999948962e-03
1.109356147999999997e+01 1.076975780000000160e-02
1.111021848000000034e+01 1.854715225000003187e-02
1.112687548000000071e+01 2.145902965000001661e-02
1.114353247999999930e+01 2.001900964999991928e-02
1.116018947999999966e+01 1.718931704999993038e-02
1.117684648000000003e+01 1.035109844999992923e-02
1.119350348000000039e+01 2.759212200000082937e-03
1.121016048000000076e+01 -9.633953600000078055e-03
1.122681747999999935e+01 -6.122687850000030352e-03
1.124347447999999972e+01 -1.639649999999992502e-03
1.126013148000000008e+01 3.933003500000031849e-03
1.127678848000000045e+01 1.365140859999997014e-02
1.129344548000000081e+01 2.280685604999999061e-02
1.131010247000000035e+01 3.303533265000002661e-02
1.132675947000000072e+01 3.851498344999998436e-02
1.134341646999999931e+01 3.824887539999993757e-02
1.136007346999999967e+01 3.483146880000004275e-02
1.137673047000000004e+01 3.042704070000001870e-02
1.139338747000000041e+01 1.295509959999996408e-02
1.141004447000000077e+01 1.478701140000002190e-02
1.142670146999999936e+01 6.962146700000088062e-03
1.144335846999999973e+01 1.765265219999995194e-02
1.146001547000000009e+01 2.386791539999999490e-02
1.147667247000000046e+01 2.144113477000000878e-02
1.149332947000000082e+01 3.917148127999998258e-02
1.150998646999999941e+01 3.625653307599994296e-02
1.152664346000000073e+01 4.333488658999995469e-02
1.154330045999999932e+01 4.805623821000001850e-02
1.155995745999999968e+01 3.298502629999999075e-02
1.157661446000000005e+01 2.977277643000000862e-02
1.159327146000000042e+01 1.629362637999996755e-02
1.160992846000000078e+01 1.278596267999999522e-02
1.162658545999999937e+01 1.595239741999998628e-02
1.164324245999999974e+01 2.090279185000000484e-02
1.165989946000000010e+01 1.049263311049999925e-02
1.167655646000000047e+01 1.613295224999999888e-02
1.169321346000000084e+01 -9.881384871999982639e-03
1.170987045999999943e+01 -5.836623869999998243e-03
1.172652745999999979e+01 -1.585287730999999228e-02
1.174318444999999933e+01 -1.807502272999997328e-02
1.175984144999999970e+01 -2.187414827000000450e-02
1.177649845000000006e+01 -1.293730301999997112e-02
1.179315545000000043e+01 -7.071367999999966791e-03
1.180981245000000079e+01 3.071256250000001242e-03
1.182646944999999938e+01 1.319028949999995204e-03
1.184312644999999975e+01 -3.893819399999970399e-03
1.185978345000000012e+01 -1.436172680000002977e-02
1.187644045000000048e+01 -2.963210469999999486e-02
1.189309745000000085e+01 -4.384775760000003686e-02
1.190975444999999944e+01 -5.665380064999997467e-02
1.192641144999999980e+01 -5.912706600000006141e-02
1.194306845000000017e+01 -5.422303415000001570e-02
1.195972543999999971e+01 -5.061023024999994346e-02
1.197638244000000007e+01 -3.878835004999997560e-02
1.199303944000000044e+01 -3.393328335000006524e-02
1.200969644000000081e+01 -3.846489420000004378e-02
1.202635343999999940e+01 -3.741685720000009763e-02
1.204301043999999976e+01 -5.384612089999996076e-02
1.205966744000000013e+01 -6.658750025000004236e-02
1.207632444000000049e+01 -6.800642435000003871e-02
1.209298144000000086e+01 -8.413578784999997673e-02
1.210963843999999945e+01 -8.370054737999998995e-02
1.212629543999999981e+01 -8.119353355000002992e-02
1.214295244000000018e+01 -8.390771230000004799e-02
1.215960944000000055e+01 -6.618751219999996493e-02
1.217626643000000008e+01 -6.919933904999997498e-02
1.219292343000000045e+01 -5.476100815000006783e-02
1.220958043000000082e+01 -5.820515334999998291e-02
1.222623742999999941e+01 -6.493319295000010705e-02
1.224289442999999977e+01 -4.967688385000001983e-02
1.225955143000000014e+01 -4.915027008499994743e-02
1.227620843000000050e+01 -3.180262985000004150e-02
1.229286543000000087e+01 -1.757752094999998072e-02
1.230952242999999946e+01 6.077197049999982781e-03
1.232617942999999983e+01 2.280263599999943214e-03
1.234283643000000019e+01 -2.883042350000031284e-03
1.235949343000000056e+01 -1.791086100000005565e-03
1.237615042999999915e+01 -7.000377400000035166e-03
1.239280742000000046e+01 -6.981252500000145744e-04
1.240946442000000083e+01 3.952284849999987415e-03
1.242612141999999942e+01 9.530892099999965783e-03
1.244277841999999978e+01 2.284700640000006389e-02
1.245943542000000015e+01 3.456162229999992785e-02
1.247609242000000052e+01 3.659849940000001189e-02
1.249274942000000088e+01 5.061006701999999635e-02
1.250940641999999947e+01 5.155047426000002042e-02
1.252606341999999984e+01 4.548413426000003090e-02
1.254272042000000020e+01 3.942429405000000969e-02
1.255937742000000057e+01 2.742771575999994327e-02
1.257603441999999916e+01 1.830944040000004325e-02
1.259269141999999952e+01 1.292128248999992179e-02
1.260934841000000084e+01 1.757621477999996018e-02
1.262600540999999943e+01 2.789964549000005165e-02
1.264266240999999980e+01 2.611220777149999422e-02
1.265931941000000016e+01 3.699059696000001063e-02
1.267597641000000053e+01 4.111535661000002839e-02
1.269263340999999912e+01 4.325925903999999073e-02
1.270929040999999948e+01 3.957482427000003078e-02
1.272594740999999985e+01 3.810774762000003479e-02
1.274260441000000021e+01 2.859060739499994647e-02
1.275926141000000058e+01 1.928600183000000329e-02
1.277591840999999917e+01 9.442447610000070934e-03
1.279257540999999954e+01 4.138953180000015664e-03
1.280923240999999990e+01 -1.658441450000006090e-03
1.282588939999999944e+01 7.971269300000013991e-03
1.284254639999999981e+01 1.302774174999998813e-02
1.285920340000000017e+01 1.182107935000004106e-02
1.287586040000000054e+01 1.586711624999995185e-02
1.289251739999999913e+01 1.267948804999996515e-02
1.290917439999999949e+01 6.803816449999999794e-03
1.292583139999999986e+01 1.077582594999998422e-02
1.294248840000000023e+01 -9.767412499999683639e-04
1.295914540000000059e+01 -9.580720250000007709e-03
1.297580239999999918e+01 -2.155423904999992368e-02
1.299245939999999955e+01 -2.484226709999998173e-02
1.300911639999999991e+01 -1.428392579999998580e-02
1.302577340000000028e+01 -1.614070075000006987e-02
1.304243038999999982e+01 -4.798471400000003939e-03
1.305908739000000018e+01 -3.208277099999989890e-03
1.307574439000000055e+01 2.249813999999905612e-04
1.309240138999999914e+01 7.050312399999980606e-03
1.310905838999999951e+01 6.222313549999969329e-03
1.312571538999999987e+01 -1.481058150000102991e-03
1.314237239000000024e+01 -5.362541050000002585e-03
1.315902939000000060e+01 -1.442189785000003166e-02
1.317568638999999919e+01 -1.537937244999998398e-02
1.319234338999999956e+01 -1.624325370000001545e-02
1.320900038999999992e+01 -1.690609489999994608e-02
1.322565739000000029e+01 -1.648786930000001316e-02
1.324231439000000066e+01 1.362712499999307880e-04
1.325897138000000020e+01 2.807391899999900353e-03
1.327562838000000056e+01 1.614279120000006174e-02
1.329228537999999915e+01 2.061763194999999271e-02
1.330894237999999952e+01 2.349264460000000110e-02
1.332559937999999988e+01 1.706359584999994627e-02
1.334225638000000025e+01 5.942811749999998838e-03
1.335891338000000061e+01 -6.244307449999930704e-03
1.337557037999999920e+01 -7.448571800000025611e-03
1.339222737999999957e+01 -1.150502744999998272e-02
1.340888437999999994e+01 -8.490813249999951129e-03
1.342554138000000030e+01 1.120250499999975169e-03
1.344219838000000067e+01 1.161058750000004691e-02
1.345885537999999926e+01 1.824572295000004285e-02
1.347551237000000057e+01 2.692986564999994004e-02
1.349216936999999916e+01 3.060934879999996361e-02
1.350882636999999953e+01 1.749124984999997356e-02
1.352548336999999989e+01 4.796924000000091226e-04
1.354214037000000026e+01 -1.137950779999996609e-02
1.355879737000000063e+01 -1.794987080000001733e-02
1.357545436999999922e+01 -2.146707400000000265e-02
1.359211136999999958e+01 -2.561036189999998935e-02
1.360876836999999995e+01 -2.608746291000002548e-02
1.362542537000000031e+01 -1.756430706999999314e-02
1.364208237000000068e+01 -2.321959944999999609e-02
1.365873936999999927e+01 -2.866062568999999671e-02
1.367539636999999964e+01 -5.006750091999999375e-02
1.369205335999999917e+01 -5.650590957999999941e-02
1.370871035999999954e+01 -5.831495249999998909e-02
1.372536735999999991e+01 -5.900969645000000291e-02
1.374202436000000027e+01 -5.998140621999999145e-02
1.375868136000000064e+01 -2.901953074399999527e-02
1.377533835999999923e+01 -1.925965251000002001e-02
1.379199535999999959e+01 -4.202948224999997207e-02
1.380865235999999996e+01 -4.363530893999995747e-02
1.382530936000000032e+01 -4.994595210000003782e-02
1.384196636000000069e+01 -5.773936790000000485e-02
1.385862335999999928e+01 -5.895417010000006397e-02
1.387528035999999965e+01 -5.375585609999999903e-02
1.389193734999999919e+01 -4.698608100000009613e-02
1.390859434999999955e+01 -3.787632370000004745e-02
1.392525134999999992e+01 -3.030095329999998865e-02
1.394190835000000028e+01 -2.852051019999998771e-02
1.395856535000000065e+01 -2.284997639999997165e-02
1.397522234999999924e+01 -2.712929899999994010e-02
1.399187934999999960e+01 -3.292086064999999451e-02
1.400853634999999997e+01 -4.235664420000007091e-02
1.402519335000000034e+01 -5.180432564999998268e-02
1.404185035000000070e+01 -4.929604174999996369e-02
1.405850734999999929e+01 -4.210212804999996505e-02
1.407516434999999966e+01 -3.719739080000006304e-02
1.409182135000000002e+01 -3.023594604999996216e-02
1.410847833999999956e+01 -1.827130485000000304e-02
1.412513533999999993e+01 -1.203328004999992817e-02
1.414179234000000029e+01 -1.573344606800003431e-02
1.415844934000000066e+01 -1.359163515000005873e-02
1.417510633999999925e+01 -2.286050849999998746e-02
1.419176333999999962e+01 -3.078901720000004616e-02
1.420842033999999998e+01 -1.939508509999998687e-02
1.422507734000000035e+01 -1.918086879999991723e-02
1.424173434000000071e+01 -2.913571234999989823e-02
1.425839133999999930e+01 -1.091554475000000579e-02
1.427504833999999967e+01 -1.914268475000002745e-02
1.429170534000000004e+01 -1.182715210500007164e-02
1.430836234000000040e+01 -1.472256890000001039e-02
1.432501932999999994e+01 -1.906271665000003335e-02
1.434167633000000031e+01 -1.119975834999997755e-02
1.435833333000000067e+01 -1.484084094999993386e-02
1.437499032999999926e+01 -7.401008000000042220e-03
1.439164732999999963e+01 4.488633650000017905e-03
1.440830432999999999e+01 1.610999694999998288e-02
1.442496133000000036e+01 1.788641274999996922e-02
1.444161833000000073e+01 1.923079184999992863e-02
1.445827532999999931e+01 1.445709904999997741e-02
1.447493232999999968e+01 1.770104060000005086e-02
1.449158933000000005e+01 1.067368855000000449e-02
1.450824633000000041e+01 3.221771449999966119e-03
1.452490333000000078e+01 2.419770999999959482e-03
1.454156032000000032e+01 -3.138900000000111046e-04
1.455821732000000068e+01 1.127638609999992436e-02
1.457487431999999927e+01 2.884411014000005935e-02
1.459153131999999964e+01 4.295627186000006148e-02
1.460818832000000000e+01 4.892955323199996848e-02
1.462484532000000037e+01 4.392759775999992983e-02
1.464150232000000074e+01 3.023515678000003593e-02
1.465815931999999933e+01 2.674230665999998910e-02
1.467481631999999969e+01 1.827223194999999523e-02
1.469147332000000006e+01 2.028360292000005310e-02
1.470813032000000042e+01 2.002480880999993329e-02
1.472478732000000079e+01 3.566334144999999678e-02
1.474144431999999938e+01 4.599306279999999802e-02
1.475810131000000069e+01 5.115767318000003644e-02
1.477475830999999928e+01 5.230942712000004324e-02
1.479141530999999965e+01 5.146849838000003285e-02
1.480807231000000002e+01 2.660470048000006249e-02
1.482472931000000038e+01 1.998713780000002660e-02
1.484138631000000075e+01 1.231189839999996538e-02
1.485804330999999934e+01 1.048925339999998152e-02
1.487470030999999970e+01 1.196872139999993756e-02
1.489135731000000007e+01 1.984769620000001455e-02
1.490801431000000044e+01 2.546617640000001237e-02
1.492467131000000080e+01 3.783000340000000628e-02
1.494132830999999939e+01 4.059031399999996070e-02
1.495798530999999976e+01 3.777847510000004183e-02
1.497464229999999930e+01 2.994076364999997963e-02
1.499129929999999966e+01 2.185324590000004008e-02
1.500795630000000003e+01 8.856556999999987134e-03
1.502461330000000039e+01 2.471012049999998794e-03
1.504127030000000076e+01 -7.539177300000088344e-03
1.505792729999999935e+01 -7.755957949999947587e-03
1.507458429999999971e+01 -1.231673250000064890e-03
1.509124130000000008e+01 4.459220999999957691e-03
1.510789830000000045e+01 2.684170049999989871e-03
1.512455530000000081e+01 1.633053174999998802e-02
1.514121229999999940e+01 2.194656389999993795e-02
1.515786929999999977e+01 1.749841320000000700e-02
1.517452630000000013e+01 1.303155845000003588e-02
1.519118328999999967e+01 4.976849300000085741e-03
1.520784029000000004e+01 2.035143649999904270e-03
1.522449729000000040e+01 -5.225634149999991429e-03
1.524115429000000077e+01 -1.466447610000010116e-02
1.525781128999999936e+01 -2.417439580000002586e-02
1.527446828999999973e+01 -2.453950741999999519e-02
1.529112529000000009e+01 -1.570847573000000441e-02
1.530778229000000046e+01 -7.658261265000021467e-03
1.532443929000000082e+01 -7.215628599999968085e-03
1.534109628999999941e+01 -1.151914044999996500e-02
1.535775328999999978e+01 -7.383263199999989812e-03
1.537441029000000015e+01 -1.704553634999994571e-02
1.539106729000000051e+01 -1.396241035000000963e-02
1.540772428000000005e+01 -1.484235910000003544e-02
1.542438128000000042e+01 -1.683199154999998060e-02
1.544103828000000078e+01 -1.210930642999996643e-02
1.545769527999999937e+01 -6.934185000000037125e-03
1.547435227999999974e+01 -1.158763629999998157e-02
1.549100928000000010e+01 -1.971042114999999040e-02
1.550766628000000047e+01 -3.432658094999999077e-02
1.552432328000000084e+01 -4.044739595000004795e-02
1.554098027999999942e+01 -4.090805365000002580e-02
1.555763727999999979e+01 -5.339525775000000807e-02
1.557429428000000016e+01 -4.926061299999995313e-02
1.559095128000000052e+01 -5.847960684999992109e-02
1.560760827999999911e+01 -6.059667040000003835e-02
1.562426527000000043e+01 -4.079201973000004533e-02
1.564092227000000079e+01 -3.726607483999996862e-02
1.565757926999999938e+01 -2.012476549699998216e-02
1.567423626999999975e+01 -1.538542321000007165e-02
1.569089327000000011e+01 -9.674500600000024431e-03
1.570755027000000048e+01 -1.555193765000002434e-02
1.572420727000000085e+01 -2.649919489700002656e-02
1.574086426999999944e+01 -2.760550961000001260e-02
1.575752126999999980e+01 -3.727333625999999789e-02
1.577417827000000017e+01 -3.748581692999999188e-02
1.579083527000000053e+01 -3.558888111999992249e-02
1.580749226999999912e+01 -2.139746939199992093e-02
1.582414926999999949e+01 -6.506030089000025551e-03
1.584080626000000080e+01 -1.214076730000003372e-02
1.585746325999999939e+01 -2.421449020999999827e-02
1.587412025999999976e+01 -3.323600611999999455e-02
1.589077726000000013e+01 -4.983135995000000096e-02
1.590743426000000049e+01 -6.607535274999998265e-02
1.592409126000000086e+01 -5.224876095000000054e-02
1.594074825999999945e+01 -5.572835574999998598e-02
1.595740525999999981e+01 -4.780431880000002298e-02
1.597406226000000018e+01 -4.319094155500000087e-02
1.599071926000000055e+01 -3.137193204999999541e-02
1.600737626000000091e+01 -2.420651060000000854e-02
1.602403325999999950e+01 -3.407074635000001406e-02
1.604069026000000164e+01 -3.262815634999999270e-02
1.605734724999999941e+01 -3.164940205499999770e-02
1.607400425000000155e+01 -2.724828825494995943e-02
1.609066125000000014e+01 -3.357264166500001368e-02
1.610731824999999873e+01 -1.701430770000000869e-02
1.612397525000000087e+01 -4.274519349999950091e-03
1.614063224999999946e+01 -9.610975100000029858e-03
1.615728925000000160e+01 8.272106549999991287e-03
1.617394625000000019e+01 1.190531665000005290e-02
1.619060324999999878e+01 1.713806789999994251e-02
1.620726025000000092e+01 1.879338019999998721e-02
1.622391724999999951e+01 6.957318949999957702e-03
1.624057425000000165e+01 5.929515449999978038e-03
1.625723125000000024e+01 4.823281299999981897e-03
1.627388824000000156e+01 2.892657799999920343e-03
1.629054524000000015e+01 1.292916669999988333e-02
1.630720223999999874e+01 2.141146920000003284e-02
1.632385924000000088e+01 3.045260929999993316e-02
1.634051623999999947e+01 3.814230029999998717e-02
1.635717324000000161e+01 4.642255064999989411e-02
1.637383024000000020e+01 4.791139420000001259e-02
1.639048723999999879e+01 5.111266524999991123e-02
1.640714424000000093e+01 4.436670544999998800e-02
1.642380123999999952e+01 3.982267844999998196e-02
1.644045824000000167e+01 3.497640415000002889e-02
1.645711524000000026e+01 2.961036699999997079e-02
1.647377223999999885e+01 2.416529124999999834e-02
1.649042923000000016e+01 3.194060375000001839e-02
1.650708622999999875e+01 3.946560975000001914e-02
1.652374323000000089e+01 4.845336239999997741e-02
1.654040022999999948e+01 5.339577789999999657e-02
1.655705723000000162e+01 6.183262294999997133e-02
1.657371423000000021e+01 6.671642685000001016e-02
1.659037122999999880e+01 7.192431424999995437e-02
1.660702823000000095e+01 6.677582220000008451e-02
1.662368522999999954e+01 6.362095005000001358e-02
1.664034223000000168e+01 5.492654515000003346e-02
1.665699923000000027e+01 4.914303330000002745e-02
1.667365622999999886e+01 4.669053279999998973e-02
1.669031323000000100e+01 4.850329284999999047e-02
1.670697021999999876e+01 5.970055974999992354e-02
1.672362722000000090e+01 6.872356822000005860e-02
1.674028421999999949e+01 7.768244808000002166e-02
1.675694122000000164e+01 8.330072963699999833e-02
1.677359822000000023e+01 8.498026718000005475e-02
1.679025521999999881e+01 8.656431954000001761e-02
1.680691222000000096e+01 8.431375491999995586e-02
1.682356921999999955e+01 7.112049045200000141e-02
1.684022622000000169e+01 6.247934600000000505e-02
1.685688322000000028e+01 6.020333116000009532e-02
1.687354021999999887e+01 6.006258310000003875e-02
1.689019722000000101e+01 5.567392933000004512e-02
1.690685421999999960e+01 6.283388417000002057e-02
1.692351121000000091e+01 6.715794486000001284e-02
1.694016820999999950e+01 7.534489617099998648e-02
1.695682521000000165e+01 7.586063623799990663e-02
1.697348221000000024e+01 8.035288746000006366e-02
1.699013920999999883e+01 7.546308580000000987e-02
1.700679621000000097e+01 7.062309186999991828e-02
1.702345320999999956e+01 5.392181780000002145e-02
1.704011021000000170e+01 5.038851489999998656e-02
1.705676721000000029e+01 3.897089379999998937e-02
1.707342420999999888e+01 3.472555194999998873e-02
1.709008121000000102e+01 3.311700355000002371e-02
1.710673820999999961e+01 4.104971044999999874e-02
1.712339520000000093e+01 5.131914754999999939e-02
1.714005219999999952e+01 5.336047675000005208e-02
1.715670920000000166e+01 5.409777780000007974e-02
1.717336620000000025e+01 4.398837869999999706e-02
1.719002319999999884e+01 3.929162740000002874e-02
1.720668020000000098e+01 3.100462284999999651e-02
1.722333719999999957e+01 2.179961095000004789e-02
1.723999420000000171e+01 1.114069584999999307e-02
1.725665120000000030e+01 4.526418450000013749e-03
1.727330819999999889e+01 3.313261949999923850e-03
1.728996520000000103e+01 7.655009000000045916e-03
1.730662219999999962e+01 5.597848650000014636e-03
1.732327920000000177e+01 7.531486950000054748e-03
1.733993618999999953e+01 1.565373215499998860e-02
1.735659319000000167e+01 1.178378788000000732e-02
1.737325019000000026e+01 7.093303804999950835e-03
1.738990718999999885e+01 -9.304546700000027037e-03
1.740656419000000099e+01 -2.056466769999998334e-02
1.742322118999999958e+01 -3.880032669999999850e-02
1.743987819000000172e+01 -4.180046690000005505e-02
1.745653519000000031e+01 -2.854137805000001027e-02
1.747319218999999890e+01 -3.909038534999997871e-02
1.748984919000000104e+01 -3.334133499999991646e-02
1.750650618999999963e+01 -3.654899605000005991e-02
1.752316318999999822e+01 -3.781097760000001751e-02
1.753982019000000037e+01 -5.845297450189995692e-02
1.755647718000000168e+01 -7.041248100000002674e-02
1.757313418000000027e+01 -6.443944385000005548e-02
1.758979117999999886e+01 -7.555534885000003698e-02
1.760644818000000100e+01 -6.275467800000006369e-02
1.762310517999999959e+01 -5.499912349999996897e-02
1.763976218000000173e+01 -2.713848699999998892e-02
1.765641918000000032e+01 -7.933379950000013503e-03
1.767307617999999891e+01 -1.346664420000001638e-02
1.768973318000000106e+01 -1.828419880000003994e-02
1.770639017999999965e+01 -2.895327490000010329e-02
1.772304717999999824e+01 -3.142007350000003418e-02
1.773970418000000038e+01 -3.596372010000006836e-02
1.775636117999999897e+01 -2.931811480000001691e-02
1.777301817000000028e+01 -1.710971203000000163e-02
1.778967516999999887e+01 -6.252691040000021849e-03
1.780633217000000101e+01 4.709256778999964567e-03
1.782298916999999960e+01 1.570304464000000372e-02
1.783964617000000175e+01 1.604777627000007062e-02
1.785630317000000034e+01 1.327197668999991614e-02
1.787296016999999893e+01 3.183604289999995840e-03
1.788961717000000107e+01 -5.175022799999515893e-04
1.790627416999999966e+01 -3.103274844999985398e-03
1.792293116999999825e+01 -1.809937090000402708e-04
1.793958817000000039e+01 1.357605396200000855e-02
1.795624516999999898e+01 2.437035246000000127e-02
1.797290217000000112e+01 3.174931116799999120e-02
1.798955915999999888e+01 2.691616250999998711e-02
1.800621616000000103e+01 3.294062654999999756e-02
1.802287315999999961e+01 1.660334938999999399e-02
1.803953016000000176e+01 2.648483264599998943e-02
1.805618716000000035e+01 2.525169074999999985e-02
1.807284415999999894e+01 4.210150560000000541e-02
1.808950116000000108e+01 3.298130755000000525e-02
1.810615815999999967e+01 3.561483117000002752e-02
1.812281515999999826e+01 3.882086810250001685e-02
1.813947216000000040e+01 3.672618693499996034e-02
1.815612915999999899e+01 3.754478601499999790e-02
1.817278616000000113e+01 2.991597024999997911e-02
1.818944315999999972e+01 3.926504590000001738e-02
1.820610015000000104e+01 2.725358634999996976e-02
1.822275714999999963e+01 3.392183064999992892e-02
1.823941415000000177e+01 3.785379734999988477e-02
1.825607115000000036e+01 6.168417035000001158e-02
1.827272814999999895e+01 5.480353155000000642e-02
1.828938515000000109e+01 5.963939634999998463e-02
1.830604214999999968e+01 6.503189204999992867e-02
1.832269914999999827e+01 5.897348919999989558e-02
1.833935615000000041e+01 3.823636834999999401e-02
1.835601314999999900e+01 4.931818870000004296e-02
1.837267015000000114e+01 3.681577439999994539e-02
1.838932714999999973e+01 3.925763380000002467e-02
1.840598414999999832e+01 3.744799224999995069e-02
1.842264113999999964e+01 2.572264255000000777e-02
1.843929813999999823e+01 4.947183784999997780e-02
1.845595514000000037e+01 5.451156390000000407e-02
1.847261213999999896e+01 6.248910089999992756e-02
1.848926914000000110e+01 6.442179810000003837e-02
1.850592613999999969e+01 6.248976710000014867e-02
1.852258313999999828e+01 6.222801735000010881e-02
1.853924014000000042e+01 4.854464494999999324e-02
1.855589713999999901e+01 3.698088135000004995e-02
1.857255414000000115e+01 4.162182739999997771e-02
1.858921113999999974e+01 3.460674090000004366e-02
1.860586813999999833e+01 4.395460635000003613e-02
1.862252514000000048e+01 5.270253540000002790e-02
1.863918212999999824e+01 6.314536039999996131e-02
1.865583913000000038e+01 6.710793584999999450e-02
1.867249612999999897e+01 7.286752784999997457e-02
1.868915313000000111e+01 7.538582150000000537e-02
1.870581012999999970e+01 7.118302414999999606e-02
1.872246712999999829e+01 6.704673614999995257e-02
1.873912413000000043e+01 4.635260695000004150e-02
1.875578112999999902e+01 5.315654080000001280e-02
1.877243813000000117e+01 5.990494690000004729e-02
1.878909512999999976e+01 6.543611881000006847e-02
1.880575212999999835e+01 5.094610453999994654e-02
1.882240913000000049e+01 6.001201972999993528e-02
1.883906612999999908e+01 8.431262797000006748e-02
1.885572312000000039e+01 8.697175870999998559e-02
1.887238011999999898e+01 9.289770414000000920e-02
1.888903712000000112e+01 9.003188508999994399e-02
1.890569411999999971e+01 9.123473454999997401e-02
1.892235111999999830e+01 7.782538887999992938e-02
1.893900812000000045e+01 7.134452148909997682e-02
1.895566511999999904e+01 6.392749856999997704e-02
1.897232212000000118e+01 6.348415672999997705e-02
1.898897911999999977e+01 6.587633522999999935e-02
1.900563611999999836e+01 6.790994029199996784e-02
1.902229312000000050e+01 7.441095354300002185e-02
1.903895011999999909e+01 8.517778071700003728e-02
1.905560712000000123e+01 7.558064771000001791e-02
1.907226410999999899e+01 6.993052745000002957e-02
1.908892111000000114e+01 6.871258814999998965e-02
1.910557810999999973e+01 5.747336319999996057e-02
1.912223510999999831e+01 5.259964970000000073e-02
1.913889211000000046e+01 5.185983559650000907e-02
1.915554910999999905e+01 5.466479267000001752e-02
1.917220611000000119e+01 4.730841155000004017e-02
1.918886310999999978e+01 3.907578654999996348e-02
1.920552010999999837e+01 5.041294014999997408e-02
1.922217711000000051e+01 4.315658890000001469e-02
1.923883410999999910e+01 2.196431619499999988e-02
1.925549111000000124e+01 1.957609767999995976e-02
1.927214810999999983e+01 1.066964822999999507e-02
1.928880510000000115e+01 -9.180447449999962206e-03
1.930546209999999974e+01 4.939067500001059763e-04
1.932211909999999833e+01 -1.059289720000006207e-02
1.933877610000000047e+01 -9.687689349999917265e-03
1.935543309999999906e+01 -5.769602700000098228e-03
1.937209010000000120e+01 -1.188065500000723418e-04
1.938874709999999979e+01 2.179556499999346642e-04
1.940540409999999838e+01 -1.611540955000012598e-02
1.942206110000000052e+01 -3.005000184999995216e-02
1.943871809999999911e+01 -3.564108274999999715e-02
1.945537510000000125e+01 -4.286482174999994843e-02
1.947203209999999984e+01 -4.905352650000005532e-02
1.948868909999999843e+01 -4.170677314999993168e-02
1.950534608999999975e+01 -3.574537394999999229e-02
1.952200308999999834e+01 -3.020920185000008917e-02
1.953866009000000048e+01 -2.853914269999996423e-02
1.955531708999999907e+01 -1.857052370000000785e-02
1.957197409000000121e+01 -1.690963495000002981e-02
1.958863108999999980e+01 -1.769174184999999788e-02
1.960528808999999839e+01 -3.014383795000002975e-02
1.962194509000000053e+01 -2.956601749999998585e-02
1.963860208999999912e+01 -5.091724780000000949e-02
1.965525909000000127e+01 -4.457063459999999200e-02
1.967191608999999985e+01 -3.446333644999999279e-02
1.968857308999999844e+01 -3.294633574999994430e-02
1.970523009000000059e+01 -2.166887355000002291e-02
1.972188707999999835e+01 -1.225307009999998531e-02
1.973854408000000049e+01 1.280859530000005853e-02
1.975520107999999908e+01 3.032089850000030395e-03
1.977185808000000122e+01 4.248950200000017885e-03
1.978851507999999981e+01 1.869166205000000192e-02
1.980517207999999840e+01 8.564745149999969387e-03
1.982182908000000054e+01 -1.607326800000002942e-03
1.983848607999999913e+01 8.594065255000019055e-03
1.985514308000000128e+01 1.631782826000000020e-02
1.987180007999999987e+01 2.384481369999999489e-02
1.988845707999999846e+01 2.504986434999999928e-02
1.990511408000000060e+01 2.877093278000000809e-02
1.992177107999999919e+01 4.325192847000000618e-02
1.993842807000000050e+01 2.006430019999998898e-02
1.995508506999999909e+01 2.719643974000000158e-02
1.997174207000000123e+01 4.089300549000002977e-02
1.998839906999999982e+01 2.843740250000001413e-02
2.000505606999999841e+01 4.023716926999997001e-02
2.002171307000000056e+01 4.511784632000001571e-02
2.003837006999999915e+01 5.371843455000001322e-02
2.005502707000000129e+01 5.113627765999998603e-02
2.007168406999999988e+01 6.709524880999997998e-02
2.008834106999999847e+01 6.777918417999997946e-02
2.010499807000000061e+01 5.629586709999999383e-02
2.012165506999999920e+01 5.089771475000004486e-02
2.013831206000000051e+01 4.093571359999997883e-02
2.015496905999999910e+01 3.450677539999996712e-02
2.017162606000000125e+01 3.329582115000001563e-02
2.018828305999999984e+01 4.018352975000000216e-02
2.020494005999999843e+01 4.916831140000002542e-02
2.022159706000000057e+01 6.207088124999995959e-02
2.023825405999999916e+01 6.734691910000004111e-02
2.025491106000000130e+01 6.725657525000006132e-02
2.027156805999999989e+01 5.800766079999997160e-02
2.028822505999999848e+01 4.594145645000002887e-02
2.030488206000000062e+01 3.797654114999998720e-02
2.032153905999999921e+01 2.773051029999984429e-02
2.033819606000000135e+01 3.142965674999997905e-02
2.035485304999999912e+01 4.340318830000000627e-02
2.037151005000000126e+01 4.430679424999994787e-02
2.038816704999999985e+01 5.138288759999998234e-02
2.040482404999999844e+01 5.464773025000002615e-02
2.042148105000000058e+01 5.673769014999996418e-02
2.043813804999999917e+01 5.407732944999998903e-02
2.045479505000000131e+01 5.608652950000003745e-02
2.047145204999999990e+01 4.690125795000010811e-02
2.048810904999999849e+01 -6.544925399999956817e-03
2.050476605000000063e+01 2.362708734999996452e-02
2.052142304999999922e+01 1.154700000061126275e-06
2.053808005000000136e+01 -1.504409244999993511e-02
2.055473704999999995e+01 3.278434850000000456e-02
2.057139404000000127e+01 5.727632220000000718e-02
2.058805103999999986e+01 6.339885769999997756e-02
2.060470803999999845e+01 7.357526505000000494e-02
2.062136504000000059e+01 7.538048319999995917e-02
2.063802203999999918e+01 8.110545564999999124e-02
2.065467904000000132e+01 7.419677964999993325e-02
2.067133603999999991e+01 7.120452879999999984e-02
2.068799303999999850e+01 6.237114499999996120e-02
2.070465004000000064e+01 5.733691914999999861e-02
2.072130703999999923e+01 5.481076750000002384e-02
2.073796404000000138e+01 5.805956390000005518e-02
2.075462103999999997e+01 6.284627665000003249e-02
2.077127803999999855e+01 7.270746039999992361e-02
2.078793502999999987e+01 8.285430725000003660e-02
2.080459202999999846e+01 8.833369849999997414e-02
2.082124903000000060e+01 9.522617129999996766e-02
2.083790602999999919e+01 9.546168950000002984e-02
2.085456303000000133e+01 8.755823919999994320e-02
2.087122002999999992e+01 7.859706789999995613e-02
2.088787702999999851e+01 7.522932525000003423e-02
2.090453403000000066e+01 7.141089345000006805e-02
2.092119102999999924e+01 7.127816275000004032e-02
2.093784803000000139e+01 7.527832383000002126e-02
2.095450502999999998e+01 8.194672913999995201e-02
2.097116202999999857e+01 8.984755628999994970e-02
2.098781903000000071e+01 9.039140675299997540e-02
2.100447601999999847e+01 9.360694011999999564e-02
2.102113302000000061e+01 9.384692779999999346e-02
2.103779001999999920e+01 8.906990534600002507e-02
2.105444702000000134e+01 8.118298379999999703e-02
2.107110401999999993e+01 7.347983571000001046e-02
2.108776101999999852e+01 6.623360672999999144e-02
2.110441802000000067e+01 6.561809846000002389e-02
2.112107501999999926e+01 6.165296373999999691e-02
2.113773202000000140e+01 6.147776881999998666e-02
2.115438901999999999e+01 5.966444984000002227e-02
2.117104601999999858e+01 5.495653470000000373e-02
2.118770302000000072e+01 5.002908892999999302e-02
2.120436001999999931e+01 5.021454914000000880e-02
2.122101701000000062e+01 3.552339355000003196e-02
2.123767400999999921e+01 3.008614085000002603e-02
2.125433101000000136e+01 2.517231615000001255e-02
2.127098800999999995e+01 1.671125776999998758e-02
2.128764500999999854e+01 2.005333217499999376e-02
2.130430201000000068e+01 1.630913549000001517e-02
2.132095900999999927e+01 1.562304154999999417e-02
2.133761601000000141e+01 9.466375350000000299e-03
2.135427301000000000e+01 -1.562222850000016816e-03
2.137093000999999859e+01 -8.659551799999998245e-03
2.138758701000000073e+01 -1.989641704999994820e-02
2.140424400999999932e+01 -2.967897245000000739e-02
2.142090101000000146e+01 -3.580688510000001878e-02
2.143755799999999923e+01 -3.305910244999998859e-02
2.145421500000000137e+01 -3.505266265000006598e-02
2.147087199999999996e+01 -3.291326624999990624e-02
2.148752899999999855e+01 -1.984762299999998092e-02
2.150418600000000069e+01 -1.617532770000007503e-02
2.152084299999999928e+01 -1.351226069999988955e-02
2.153750000000000142e+01 -9.139998450000130781e-03
2.155415700000000001e+01 -1.488785425000005436e-02
2.157081399999999860e+01 -2.269491994999994766e-02
2.158747100000000074e+01 -2.956387135000004829e-02
2.160412799999999933e+01 -3.392020735000011999e-02
2.162078500000000147e+01 -4.128138839999995202e-02
2.163744200000000006e+01 -3.391682255000005863e-02
2.165409899000000138e+01 -2.628129604999995816e-02
2.167075598999999997e+01 -1.128570844999998712e-02
2.168741298999999856e+01 4.537023499999959242e-03
2.170406999000000070e+01 1.267432615000002594e-02
2.172072698999999929e+01 2.193835295000001739e-02
2.173738399000000143e+01 2.092361769999995236e-02
2.175404099000000002e+01 2.080137585000002565e-02
2.177069798999999861e+01 1.276621410000006174e-02
2.178735499000000075e+01 -2.995233950000064649e-03
2.180401198999999934e+01 2.240895900000000607e-02
2.182066899000000149e+01 2.963518570000001073e-02
2.183732599000000008e+01 4.101935350000002201e-02
2.185398298999999867e+01 5.109624755000000129e-02
2.187063997999999998e+01 6.002545165000003347e-02
2.188729697999999857e+01 6.047808449999994562e-02
2.190395398000000071e+01 6.468518635500002112e-02
2.192061097999999930e+01 6.080702198499998712e-02
2.193726798000000144e+01 6.462234050000002783e-02
2.195392498000000003e+01 6.771860973499999048e-02
2.197058197999999862e+01 6.936219504999999175e-02
2.198723898000000077e+01 7.374682326999998372e-02
2.200389597999999935e+01 8.109016705500000921e-02
2.202055298000000150e+01 8.512711636999997777e-02
2.203720998000000009e+01 8.828851654000000049e-02
2.205386697999999868e+01 8.492956474000001865e-02
2.207052398000000082e+01 8.445805792999999673e-02
2.208718096999999858e+01 8.465732015000002053e-02
2.210383797000000072e+01 8.497005273999998221e-02
2.212049496999999931e+01 8.436563259400001180e-02
2.213715197000000146e+01 8.624903633900002364e-02
2.215380897000000004e+01 8.972118691000001423e-02
2.217046596999999863e+01 9.451348455999999953e-02
2.218712297000000078e+01 9.927595720299996207e-02
2.220377996999999937e+01 9.486147370999996331e-02
2.222043697000000151e+01 8.949156307999997506e-02
2.223709397000000010e+01 8.462302031000004665e-02
2.225375096999999869e+01 8.112981895000001553e-02
2.227040797000000083e+01 7.755353824999997037e-02
2.228706496999999942e+01 7.304396879999996983e-02
2.230372196000000073e+01 7.415151799999997184e-02
2.232037895999999932e+01 7.995119965000005435e-02
2.233703596000000147e+01 8.201960704999997076e-02
2.235369296000000006e+01 8.953541674999992983e-02
2.237034995999999865e+01 8.472224595000005243e-02
2.238700696000000079e+01 7.494649379999995809e-02
2.240366395999999938e+01 6.980132799999999582e-02
2.242032096000000152e+01 6.457164365000001016e-02
2.243697796000000011e+01 6.145182729999992821e-02
2.245363495999999870e+01 6.182839315000010494e-02
2.247029196000000084e+01 6.080347554999998572e-02
2.248694895999999943e+01 6.520653165000001028e-02
2.250360596000000157e+01 7.262456829999996977e-02
2.252026294999999934e+01 8.230792110000006989e-02
2.253691995000000148e+01 8.086709534999991789e-02
2.255357695000000007e+01 8.406859050000003997e-02
2.257023394999999866e+01 7.961711095000001404e-02
2.258689095000000080e+01 7.360817334999991690e-02
2.262020495000000153e+01 6.750659320000007568e-02
2.263686195000000012e+01 6.202828125000003912e-02
2.265351894999999871e+01 6.184780135000000900e-02
2.267017595000000085e+01 5.884057575000001261e-02
2.268683294999999944e+01 6.399844589999992284e-02
2.270348995000000158e+01 6.722527594999994083e-02
2.272014695000000017e+01 6.992618314999998752e-02
2.273680394000000149e+01 7.737049485000002669e-02
2.275346094000000008e+01 7.660309684999994095e-02
2.277011793999999867e+01 7.465479105000005777e-02
2.278677494000000081e+01 7.231787339999995456e-02
2.280343193999999940e+01 6.839665088500002099e-02
2.282008894000000154e+01 6.602877642999999130e-02
2.283674594000000013e+01 6.032457160999998846e-02
2.285340293999999872e+01 6.571278180999995389e-02
2.287005994000000086e+01 6.515395546649999092e-02
2.288671693999999945e+01 6.167150310499999732e-02
2.290337394000000160e+01 6.556031966000003264e-02
2.292003094000000019e+01 6.333303097499998202e-02
2.293668793999999878e+01 6.218378129999999060e-02
2.295334493000000009e+01 6.039321934999998531e-02
2.297000192999999868e+01 5.414802756999997913e-02
2.298665893000000082e+01 5.450567689000000715e-02
2.300331592999999941e+01 5.406853835999999441e-02
2.301997293000000155e+01 5.222029352999998930e-02
2.303662993000000014e+01 5.173405737799999238e-02
2.305328692999999873e+01 5.375687533000001600e-02
2.306994393000000088e+01 5.547563982999998561e-02
2.308660092999999947e+01 4.885120982999998501e-02
2.310325793000000161e+01 4.756200097000002486e-02
2.311991493000000020e+01 3.039072488999999128e-02
2.313657192999999879e+01 2.642758627000002178e-02
2.315322892000000010e+01 1.628269902699999369e-02
2.316988591999999869e+01 1.330174025225997619e-02
2.318654292000000083e+01 1.175641148799997857e-02
2.320319991999999942e+01 1.841444134900008939e-02
2.321985692000000157e+01 1.777708221000000310e-02
2.323651392000000016e+01 2.684146999999993677e-02
2.325317091999999874e+01 3.005645221999990457e-02
2.326982792000000089e+01 2.620412197300005241e-02
2.328648491999999948e+01 1.455433229000004797e-02
2.330314192000000162e+01 2.963879130000013351e-03
2.331979892000000021e+01 -8.601083200000025908e-03
2.333645591999999880e+01 -2.558334090000000116e-02
2.335311292000000094e+01 -2.989036930000005254e-02
2.336976990999999870e+01 -2.202439299999991995e-02
2.338642691000000085e+01 -1.648368850000003771e-02
2.340308390999999943e+01 -5.594345399999978152e-03
2.341974091000000158e+01 -1.082614850000052087e-03
2.343639791000000017e+01 -4.852392250000059359e-03
2.345305490999999876e+01 -1.352616135000000996e-02
2.346971191000000090e+01 -2.332855439999992342e-02
2.348636890999999949e+01 -3.543189695000004136e-02
2.350302591000000163e+01 -3.687014319999998291e-02
2.351968291000000022e+01 -3.719871484999992539e-02
2.353633990999999881e+01 -3.422322644999997721e-02
2.355299691000000095e+01 -3.442804889999995233e-02
2.356965390999999954e+01 -2.286888304999989963e-02
2.358631090000000086e+01 -1.163363148999996266e-02
2.360296789999999945e+01 -8.745084100000077854e-03
2.361962490000000159e+01 -4.223567394999960811e-03
2.363628190000000018e+01 -7.140054950000029876e-03
2.365293889999999877e+01 -3.423452099999946263e-03
2.366959590000000091e+01 -6.396840950000037829e-03
2.368625289999999950e+01 -7.519464949999998815e-03
2.370290990000000164e+01 -5.060215749999930068e-03
2.371956690000000023e+01 -5.845483500001025234e-04
2.373622389999999882e+01 5.626464299999911489e-03
2.375288090000000096e+01 1.306105720000005910e-02
2.376953789999999955e+01 1.398570290000000771e-02
2.378619490000000170e+01 1.392726799999999265e-02
2.380285188999999946e+01 1.806992525000006289e-02
2.381950889000000160e+01 1.966455564499991482e-02
2.383616589000000019e+01 1.996318847000000396e-02
2.385282288999999878e+01 2.461549923000000417e-02
2.386947989000000092e+01 3.079541000000002304e-02
2.388613688999999951e+01 3.494040149999999567e-02
2.390279389000000165e+01 3.814100585000007593e-02
2.391945089000000024e+01 4.632769150000004554e-02
2.393610788999999883e+01 5.605175039999998887e-02
2.395276489000000097e+01 5.850725779999998988e-02
2.396942188999999956e+01 5.570697840000005119e-02
2.398607889000000171e+01 5.282695465000003532e-02
2.400273589000000030e+01 5.259689965000005629e-02
2.401939288000000161e+01 5.354662385000003022e-02
2.403604988000000020e+01 5.944199620000004125e-02
2.405270687999999879e+01 6.869180873999998493e-02
2.406936388000000093e+01 7.618358741999997630e-02
2.408602087999999952e+01 8.214248786999994723e-02
2.410267788000000166e+01 8.571032811369995452e-02
2.411933488000000025e+01 8.605440651299990640e-02
2.413599187999999884e+01 8.515865626599999905e-02
2.415264888000000099e+01 7.744674704999997272e-02
2.416930587999999958e+01 7.036981735000000238e-02
2.418596288000000172e+01 6.478065943999995746e-02
2.420261988000000031e+01 6.121050869999997146e-02
2.421927687999999890e+01 6.584794288000009321e-02
2.423593387000000021e+01 6.807362662999999481e-02
2.425259086999999880e+01 7.484995918000009185e-02
2.426924787000000094e+01 8.496509184000006210e-02
2.428590486999999953e+01 8.814685059999999295e-02
2.430256187000000168e+01 8.225901519000004825e-02
2.431921887000000027e+01 7.725926369999999710e-02
2.433587586999999886e+01 6.905156179999999422e-02
2.435253287000000100e+01 6.006765940000002857e-02
2.436918986999999959e+01 5.297176905000006153e-02
2.438584687000000173e+01 4.983816854999995050e-02
2.440250387000000032e+01 5.321174954999990936e-02
2.441916086999999891e+01 5.642514500000006539e-02
2.443581787000000105e+01 6.247481700000001581e-02
2.445247485999999881e+01 6.448384284999997274e-02
2.446913186000000096e+01 7.134309189999993306e-02
2.448578885999999954e+01 7.261781745000001065e-02
2.450244586000000169e+01 6.746863070000003182e-02
2.451910286000000028e+01 6.186666985000005559e-02
2.453575985999999887e+01 5.601598295000004279e-02
2.455241686000000101e+01 4.660319815000002475e-02
2.456907385999999960e+01 3.798119714999992347e-02
2.458573086000000174e+01 3.842877180000003889e-02
2.460238786000000033e+01 3.700627249999999258e-02
2.461904485999999892e+01 4.076931240000003509e-02
2.463570186000000106e+01 4.391230735000006824e-02
2.465235885999999965e+01 5.468741860000003729e-02
2.466901585000000097e+01 5.435840435000005577e-02
2.468567284999999956e+01 5.482791979999990239e-02
2.470232985000000170e+01 5.288606470000001281e-02
2.471898685000000029e+01 4.656324069999995263e-02
2.473564384999999888e+01 4.168745330000001026e-02
2.475230085000000102e+01 3.352080055000006276e-02
2.476895784999999961e+01 2.559935750000008614e-02
2.478561485000000175e+01 2.696772440000005933e-02
2.480227185000000034e+01 2.626112054999996115e-02
2.481892884999999893e+01 3.337582864999999455e-02
2.483558585000000107e+01 3.382714929999997011e-02
2.485224284999999966e+01 3.712524610000000891e-02
2.486889984999999825e+01 3.754429190000008187e-02
2.488555683999999957e+01 3.598854493000003263e-02
2.490221384000000171e+01 3.456681319499999017e-02
2.491887084000000030e+01 2.507061370999996708e-02
2.493552783999999889e+01 1.604163264999997063e-02
2.495218484000000103e+01 1.549267245000002235e-02
2.496884183999999962e+01 1.961950994999994702e-02
2.498549884000000176e+01 1.996728845000000918e-02
2.500215584000000035e+01 2.227402624999996750e-02
2.501881283999999894e+01 2.241345395000002294e-02
2.503546984000000108e+01 1.720249398499998361e-02
2.505212683999999967e+01 1.409320540500000329e-02
2.506878383999999826e+01 6.225318799999962627e-03
2.508544084000000041e+01 2.028138299999954208e-03
2.510209783000000172e+01 -6.970927500000168031e-04
2.511875483000000031e+01 -9.599500000026517377e-06
2.513541182999999890e+01 7.912270069999984001e-03
2.515206883000000104e+01 1.103594148000000899e-02
2.516872582999999963e+01 1.682660740400000396e-02
2.518538283000000177e+01 1.506676871789998547e-02
2.520203983000000036e+01 8.811454844999960442e-03
2.521869682999999895e+01 4.470845899999555118e-04
2.523535383000000110e+01 -1.429904603999997137e-02
2.525201082999999969e+01 -1.527497032999997062e-02
2.526866782999999828e+01 -2.063303258999998890e-02
2.528532483000000042e+01 -1.542149334000003646e-02
2.530198182999999901e+01 -3.660941909999992916e-03
2.531863882000000032e+01 9.592327299999883761e-04
2.533529581999999891e+01 8.936241200000027973e-03
2.535195282000000105e+01 6.154012469999997625e-03
2.536860981999999964e+01 1.042382130000060747e-03
2.538526681999999823e+01 -1.461147680000010607e-02
2.540192382000000038e+01 -2.444682219999994022e-02
2.541858081999999897e+01 -2.051051069999992871e-02
2.543523782000000111e+01 -2.281141140000003675e-02
2.545189481999999970e+01 -1.730948215000005508e-02
2.546855181999999829e+01 -5.792115350000015539e-03
2.548520882000000043e+01 2.040341850000015889e-03
2.550186581999999902e+01 1.101183460000004777e-02
2.551852282000000116e+01 1.223908734999995529e-02
2.553517980999999892e+01 1.385666699999998919e-02
2.555183681000000107e+01 1.008558240000001494e-02
2.556849380999999966e+01 9.585402349999994076e-03
2.558515080999999824e+01 2.691891899999965254e-03
2.560180781000000039e+01 2.434028800000043180e-03
2.561846480999999898e+01 3.515778300000049761e-03
2.563512181000000112e+01 5.424666849999981721e-03
2.565177880999999971e+01 1.002652696999994930e-02
2.566843580999999830e+01 1.464245712750000816e-02
2.568509281000000044e+01 2.226772625999995370e-02
2.570174980999999903e+01 2.506141484999990787e-02
2.571840681000000117e+01 2.773565644999997915e-02
2.573506380999999976e+01 2.985924125000005702e-02
2.575172080000000108e+01 2.498216699999999957e-02
2.576837779999999967e+01 3.079767109999997921e-02
2.578503479999999826e+01 2.371954450000002268e-02
2.580169180000000040e+01 2.644806485000006369e-02
2.581834879999999899e+01 3.292659900000005635e-02
2.583500580000000113e+01 3.890394814999997841e-02
2.585166279999999972e+01 4.165877004999996025e-02
2.586831979999999831e+01 4.102491575000000168e-02
2.588497680000000045e+01 4.399059169999997021e-02
2.590163379999999904e+01 4.294685459999997290e-02
2.591829080000000118e+01 4.036862630999998869e-02
2.593494779999999977e+01 4.377971346000003594e-02
2.595160479999999836e+01 4.576817650000003512e-02
2.596826178999999968e+01 5.306050379999999178e-02
2.598491878999999827e+01 5.953362345000001721e-02
2.600157579000000041e+01 6.313919850000002110e-02
2.601823278999999900e+01 6.609677600000002373e-02
2.603488979000000114e+01 6.911254864999996639e-02
2.605154678999999973e+01 6.410132640000001936e-02
2.606820378999999832e+01 6.181797085000001468e-02
2.608486079000000046e+01 5.925538369999998334e-02
2.610151778999999905e+01 6.043320524999999666e-02
2.611817479000000120e+01 5.889748575000004760e-02
2.613483178999999978e+01 6.375649048000001096e-02
2.615148878999999837e+01 7.063413105999999386e-02
2.616814577999999969e+01 7.622628659499998405e-02
2.618480277999999828e+01 8.120527127000000400e-02
2.620145978000000042e+01 7.998370203999999317e-02
2.621811677999999901e+01 8.413927950999999794e-02
2.623477378000000115e+01 8.285184614999999142e-02
2.625143077999999974e+01 7.566998297999999457e-02
2.626808777999999833e+01 7.156452475100000266e-02
2.628474478000000047e+01 6.823885679899996393e-02
2.630140177999999906e+01 6.941314827999996162e-02
2.631805878000000121e+01 6.779301484999999960e-02
2.633471577999999980e+01 7.361136463999999602e-02
2.635137277999999839e+01 7.401560871000001374e-02
2.636802978000000053e+01 7.806643476999997056e-02
2.638468676999999829e+01 7.381813649999996452e-02
2.640134377000000043e+01 7.184637110000004212e-02
2.641800076999999902e+01 6.735169259999999880e-02
2.643465777000000116e+01 6.155005729999998842e-02
2.645131476999999975e+01 5.841018765000000057e-02
2.646797176999999834e+01 5.549741475000000146e-02
2.648462877000000049e+01 5.171512715000001204e-02
2.650128576999999908e+01 5.195072849999998743e-02
2.651794277000000122e+01 5.319123449999996200e-02
2.653459976999999981e+01 5.636271502100004271e-02
2.655125676999999840e+01 5.273216322000001677e-02
2.656791377000000054e+01 5.482197599999999449e-02
2.658457076999999913e+01 5.031116685000003308e-02
2.660122776000000044e+01 4.600653279999999956e-02
2.661788475999999903e+01 4.011386019999996222e-02
2.663454176000000118e+01 3.253167354999997318e-02
2.665119875999999977e+01 3.324570569999990566e-02
2.666785575999999836e+01 3.065645400000005516e-02
2.668451276000000050e+01 2.769740054999991763e-02
2.670116975999999909e+01 2.948581249999993048e-02
2.671782676000000123e+01 2.770435680000005174e-02
2.673448375999999982e+01 2.131326490000007290e-02
2.675114075999999841e+01 1.691514480000000376e-02
2.676779776000000055e+01 9.606565400000044441e-03
2.678445475999999914e+01 4.306442349999994867e-03
2.680111176000000128e+01 1.500347284999925535e-03
2.681776874999999905e+01 -1.428644159999992169e-03
2.683442575000000119e+01 7.639252500000193180e-04
2.685108274999999978e+01 1.158281700000096670e-03
2.686773974999999837e+01 7.135299549999973845e-03
2.688439675000000051e+01 -4.766109999999601499e-04
2.690105374999999910e+01 1.787562950000098905e-03
2.691771075000000124e+01 -1.198296599999981726e-03
2.693436774999999983e+01 -9.585553050000028552e-03
2.695102474999999842e+01 -1.672739480000001722e-02
2.696768175000000056e+01 -2.935968815000000731e-02
2.698433874999999915e+01 -2.639687555000003183e-02
2.700099575000000129e+01 -2.715038684999993013e-02
2.701765274999999988e+01 -2.721881540000004041e-02
2.703430974000000120e+01 -1.436170629999999893e-02
2.705096673999999979e+01 -7.084593200000016688e-03
2.706762373999999838e+01 -2.655683000000463867e-04
2.708428074000000052e+01 3.211322800000027122e-03
2.710093773999999911e+01 1.755051100000015740e-03
2.711759474000000125e+01 -2.056137100000021700e-03
2.713425173999999984e+01 -1.168307429999995706e-02
2.715090873999999843e+01 -1.609273870000005324e-02
2.716756574000000057e+01 -2.856771900000004694e-02
2.718422273999999916e+01 -2.351641160000006447e-02
2.720087974000000131e+01 -1.002347686000001903e-02
2.721753673999999990e+01 -1.597621389999970276e-03
2.723419373999999848e+01 8.469022629999909541e-03
2.725085072999999980e+01 1.895604133000001676e-02
2.726750772999999839e+01 1.244094927899997913e-02
2.728416473000000053e+01 1.090876519399996275e-02
2.730082172999999912e+01 8.114718099999918000e-04
2.731747873000000126e+01 -3.369987709999959502e-03
2.733413572999999985e+01 -5.974534049999993823e-03
2.735079272999999844e+01 -8.574066960000029103e-03
2.736744973000000059e+01 -1.025391839999997834e-02
2.738410672999999917e+01 -4.930619869999958160e-03
2.740076373000000132e+01 3.764040100000254352e-04
2.741742072999999991e+01 1.208158055999998537e-02
2.743407772999999850e+01 1.683332640000000102e-02
2.745073473000000064e+01 1.204194215000001233e-02
2.746739171999999840e+01 2.846074750000010534e-03
2.748404872000000054e+01 2.532344000000241735e-05
2.750070571999999913e+01 -2.574515649999997713e-03
2.751736272000000127e+01 -2.572211049999995058e-03
2.753401971999999986e+01 -4.101298649999973733e-03
2.755067671999999845e+01 3.836900199999992989e-03
2.756733372000000060e+01 -2.560020000003104812e-05
2.758399071999999919e+01 2.202075849999984847e-03
2.760064772000000133e+01 3.100615579999965732e-03
2.761730471999999992e+01 1.264025150000125386e-04
2.763396171999999851e+01 -2.829652515000002921e-03
2.765061872000000065e+01 -3.411194704500020158e-03
2.766727571999999924e+01 -4.937884915000023689e-03
2.768393271000000055e+01 -4.014233375000064719e-03
2.770058970999999914e+01 -1.414021050000102697e-03
2.771724671000000129e+01 1.267757299999949794e-03
